117 2
0 0.4157410358992126 0.8678297203419384
1 -0.7462962742675241 0.5411341384907932
104 0.2899174509033378 0.4827652315632175
2 0.6346700960210301 -0.7042736878538066
3 0.2571193292977 -0.8977740772220243
6 0.6613466506566417 -0.6336151534549184
15 0.6150280839744529 -0.4508526037031316
5 0.1292721534621705 -0.8476824069401403
7 0.8349530728066813 0.44221277094264405
67 0.7916148089990845 -0.0236464748127506
53 0.7615180125945882 -0.0368363082441044
88 0.6971485729392101 -0.05763484809732819
4 0.4913835468721179 0.8003769854996534
9 0.4736323352888755 0.7092855316016597
16 0.4213384567113168 0.7600526299997288
23 0.4432898447096389 0.669580667730024
35 -0.2782253887899069 0.7526830591218541
65 -0.49926201602320264 -0.5818216932693477
25 -0.6918398011154944 0.5058398976691169
27 -0.5308446379330326 -0.6103463546354465
37 -0.6835633527086578 0.4842265200349176
45 -0.644096066475993 0.4601277921720068
89 -0.642047689622595 0.45309197319228645
109 -0.6148783131340022 0.4377664359974809
13 0.6788714069803812 -0.46483898946033936
47 0.5610248642771758 -0.43622532432309274
60 0.5096603854203204 -0.45278569852514006
64 0.5212501212955086 -0.46112467669321017
72 0.1917313306251629 -0.7258806424206847
74 0.20125680079716682 -0.742327457734337
100 0.5172048789471757 -0.4421573339206673
106 0.48452811804649093 -0.4097263531498977
40 0.265885009759199 -0.8278667771758574
81 0.13566614474252356 -0.6859473966600662
84 0.15226792553359994 -0.6683205302942596
69 0.3917081606349024 0.18476606065127507
98 0.13383419781767203 -0.7067270457132245
32 0.5716518305938048 -0.45830343818742664
39 0.57578324354561 -0.45638331806609955
55 -0.2816821101242435 0.6034202073064859
8 0.8175345406738652 0.5048384755133595
21 0.8020738258035481 0.4373276122880377
22 0.7532818407059141 0.4478948440418824
68 0.6784029515234229 0.3680115408779915
73 0.8057013658779143 -0.02870930677062052
77 0.7317761079105305 0.41188824348238257
78 0.7032844041834229 0.4084406598464136
82 0.06163724273558288 0.2408581430316878
111 0.6946357015149007 0.39979112361129876
51 0.7005576825380507 0.4115698313346893
17 -0.5926027446187179 -0.6127498485192326
18 -0.960988824376665 -0.05728995990165318
34 -0.8420162229991603 -0.039735502307619984
38 -0.8316994007326649 -0.166511130900107
43 -0.7746926683123637 -0.1482531941323259
110 0.7393038355539935 -0.037775251349617074
92 -0.16424608264105536 -0.026963214160174647
114 0.7557327519083036 -0.05139197987554168
20 -0.6771603790151727 -0.6110749450765222
62 -0.524304149449033 -0.5543483471808142
87 -0.45874098555762505 -0.49437298446165756
19 -0.3943793839530078 0.8413221197503314
31 -0.9409591928328846 0.010518462273382686
61 -0.8470693618109644 -0.027503542020460774
29 -0.3102736549048424 0.8721825039453367
30 -0.31000994119403136 0.7935478690404741
44 -0.23168730626020814 0.25336485171627066
79 -0.2890203356393451 0.6455326143850014
70 -0.4958316330350052 -0.558430327903632
76 -0.43073991917316873 -0.502824041688025
46 0.9267342689634827 -0.02621470476415119
66 -0.1800134979193391 -0.013977576914646597
80 -0.2776091059198952 0.5223935732520743
91 -0.11854587624449348 0.10267581403177603
49 0.8446831017997561 -0.06953960868830454
48 -0.11562640743954783 0.018857786639825395
86 -0.14519213533520778 0.04967561443934263
83 0.7554506203157849 -0.03956558653226059
33 -0.6619815043904337 0.486004455391617
41 0.390289217946382 0.6487325290784398
93 0.3029334445308394 0.5710838413449886
57 -0.18174651366933767 0.03418559181834713
101 -0.25667308339663664 0.6108428874756385
103 -0.6486724046612738 0.47346898810425686
105 -0.6436595661172085 0.473935655426205
14 -0.9004152605133326 -0.1954503138838758
11 0.2843126275086853 0.1428820592489911
26 -0.8675801319828608 -0.19584122007195076
52 0.22576062534429547 -0.8206166906745551
58 -0.08061571722883094 -0.43019287852760124
102 0.19487343110956606 -0.7338611499347122
108 0.6912924085853978 0.3976477215040337
10 0.0931614675005646 -0.9112263597314552
107 0.14266073049362443 -0.6469265601660642
24 0.3181921153171962 0.19590857268975997
12 -0.9583180613607185 -0.22893697882569222
54 -0.8375884103203192 -0.04130615677058515
71 -0.8023688731517755 -0.05074584889874706
99 -0.8050474654479808 -0.02629245562199898
95 -0.428034052800444 -0.5026661035567332
96 -0.4377781161048176 -0.49566644613137195
113 -0.48776488928534206 -0.49721941429060473
94 -0.26753958425622093 0.6038792562171662
75 -0.2038862788025127 -0.05093994509980253
56 -0.5332011071989983 -0.7499872524567205
112 -0.14564262386427076 -0.06103737783728188
90 0.3688230768340549 0.2175459894732648
28 0.34013782942674325 0.2311906280615887
85 -0.7661036440569802 -0.14783337870469931
50 0.48688260720198906 0.2975631700137419
63 -0.19903524226748706 -0.3870640265149528
97 -0.09774230696779182 -0.29138791484113175
36 -0.6015471365162391 -0.1936320266759899
59 -0.2929411403513851 -0.4606717582293062
42 -0.6859163073567418 -0.04801362669890413
u 0.17612030053579678 0.04034807773438949
v 0.16288223298321572 0.07133203254824355
