34 2
34 -0.03053932134878785 -0.24447983146357755
1 -0.39493574151945304 0.6410125765241029
33 -0.10458586122236284 -0.2728352150250746
3 -0.00582820767921031 0.2640089832759496
2 -0.25528805995243187 0.5204990233427378
4 -0.17011089805085708 0.39017793742795087
32 0.3002207477713934 -0.18645177057916967
9 -0.08910291526053331 -0.11162936947760159
14 -0.1510643519375594 0.34318540239348383
24 0.31977382165895896 -0.6729276223706828
6 -0.5409642502320207 0.7570418293420015
7 -0.5282472010063803 0.74633196993293
8 -0.19407669650265758 0.41799413599994184
28 0.302700227862234 -0.354069635980356
30 0.04448109457295649 -0.7207316935300807
31 -0.15083575440301863 -0.22621925227103928
5 -0.5152084297282108 0.7371734227306446
11 -0.5223863897106084 0.7348005445830922
20 -0.23351508631504092 0.5052830195244591
26 0.48461168374830776 -0.5085042064178878
25 0.6462896842843344 -0.5672308757210032
29 0.40130979537499495 -0.10015752461208755
10 0.030332354867349247 0.009140724376056415
13 -0.1924186633725176 0.4219584218178777
17 -0.5428994082614815 0.7571354423612738
18 -0.2569641440317098 0.5290997949968553
22 -0.25535809131267545 0.5126395283242531
27 -0.0071922039376255695 -0.9290571184559706
15 -0.8140857371172198 -0.3968204942156068
16 -0.4352561618080463 -0.6552265733554848
19 -0.2529076405852457 -0.478961649018092
21 -0.6583297701010562 -0.663627751994062
23 -0.346509265536711 -0.8552502231489746
12 -0.39690817893491914 0.6364705441368219
