2159 2
1231 0.461660818442999 0.8578849286541538
912 0.9472946422804563 0.2701480055623869
6529 0.49350896108389125 -0.8408916743813991
5502 -0.03972749126077378 -0.9754458834122884
6200 0.8487984767116138 0.47601544629883774
6216 -0.8481610723629213 0.4743643348918978
8249 -0.3624613574141791 0.8868094112867179
2124 0.45731205611794395 0.8452993623297965
217 -0.6132794863763752 -0.7553468254934399
222 0.7619455115681814 -0.6037316597341947
6037 -0.39857112724813737 0.8877299928909824
7808 -0.9609575399541166 0.12753908287582855
5507 -0.9640337395992359 -0.012375620224416614
2940 -0.12278674258483478 -0.9540511374875091
5792 0.1430541431853687 0.9638754168346962
6201 -0.29096317129498905 0.9227337458820313
1353 -0.20542461486999922 0.9491269351604317
5264 -0.7526229685674074 0.5967545669472925
3258 0.7150814135639723 -0.659682984474053
4610 -0.9628312921489108 0.025099855971031825
7958 -0.5922302199781224 0.7676898474493632
3832 0.1443372086375098 -0.959968098004759
2338 -0.9727352598029987 -0.044823989390684216
3252 0.8101326894915605 0.5306338065781201
6763 -0.9451479198664452 0.1763507005690448
6803 0.9548921175595355 0.15653016812866247
6199 -0.789348630130579 0.5617120154638475
6197 -0.15817709814517517 -0.9539132710187314
8027 -0.7212138611376162 -0.6492666661564388
13796 -0.958781889358956 -0.15578934790115703
13763 -0.8042232266342318 0.5465622020491716
2190 0.8499443270689425 -0.4247584595705769
20 -0.5269401533613247 0.7985233183867656
2320 -0.15912097537425526 0.935207286537924
1324 0.38230202720269896 -0.8733975999614545
6876 0.2344634091541048 -0.9189434744732957
10914 0.5305771470069748 -0.7763317323483915
93 0.6415339214230317 -0.725180173916955
3493 0.6400521539447636 -0.7235050455042114
11160 0.958427025239158 -0.1342345225741069
12934 0.9582915529315947 0.049182052663229205
6724 0.9585235104697017 -0.13506750525264577
15209 0.6563761053299936 0.7124375101284959
637 0.9263826769817401 -0.19869595588468197
5770 -0.31162188657931705 -0.8930658903157809
5398 -0.9284247702034206 -0.24617563557958252
5461 -0.9343846328054837 0.24741632932909519
210 0.14342031057250135 0.9669817800688979
736 0.14339702935853857 0.966924086764794
214 -0.6132767145762937 -0.7559773803390089
3286 -0.3250141313369314 -0.9013735524999598
1177 0.7621546079784529 -0.6035817008757398
725 -0.41236469260727326 -0.8570972547091815
230 0.00812267234051763 -0.9579410447094487
231 0.11698369910368225 0.9491735315067751
235 -0.8648285406079026 0.432350261557905
1148 -0.8647614542440918 0.43386523790024933
3038 -0.8111088628479644 0.4944677517413004
5365 0.9372748065184752 -0.08227878864510423
264 0.5881889197746165 0.7549421217408219
8036 -0.9598539911835132 -0.15554105171748187
744 -0.9476563190026217 -0.20557936900821014
5048 -0.4805506302538364 0.3402610379627772
334 -0.39887066149516814 0.8885609300358887
516 -0.3997848286708834 0.8890037349337615
4418 0.9507124463754772 -0.18615668049139178
4829 -0.04838475493652761 -0.9609074032980534
4737 0.8966087761610322 -0.34068506259633374
1788 0.6592578461298505 0.7138425191912565
7196 -0.880678397586189 -0.36903343762681734
2844 0.9302407050625005 0.2846090444691814
435 0.9500680703880776 0.11187683714030641
2642 -0.4853582143950578 0.8144570615593631
468 -0.09542350749596054 0.9502398979927827
1141 0.25879580913439837 0.9157309461707023
484 -0.9622215513467539 0.12766739288288095
3579 0.11549501522460656 0.9419118153870899
1669 0.808382672444856 -0.5047475412636095
816 -0.8987052855971861 -0.33836084551231205
534 0.3065486957496452 -0.9083886693325102
4598 0.23413304058583295 0.9254792928911912
14020 0.9398800888255385 0.2614621553296619
796 0.6312677528802337 0.7039567961680935
888 0.36445059399542756 0.8762707149592244
1122 -0.6911587386570128 0.6796385796079792
5399 -0.9272852668782677 -0.24614736571806212
2750 -0.9446565001563281 -0.20457253888477533
747 0.7728868854928126 -0.565218890036774
6217 -0.7386792750557934 0.5954301067686879
16310 -0.9199213971100137 -0.3015550947885616
4645 -0.9460647319660207 0.19768991015838142
1125 -0.9527301992352648 0.19905996903347542
8177 0.44736083928187437 -0.8391841218216255
2374 0.2155248143462642 -0.9320137509250638
4864 0.9352981126890025 0.2790140176661926
14009 0.9417277074838972 0.2623186516056303
2084 0.3629046764329108 -0.883653697177625
2626 0.7317932483543389 -0.600290556793301
2843 -0.5798208584599168 -0.7533289563146691
1432 0.030038338202930365 -0.9640674210648976
6163 0.4712086494481804 -0.8232428258968221
979 -0.25237824450485163 0.9358405041496741
1150 -0.2522425723294726 0.9342548229819139
1532 -0.9239740767490473 0.19404941876932785
1136 -0.6895489907940608 0.678193512599604
3742 -0.9514964796031931 0.19902672605950011
5721 0.8244810721784377 -0.5179408211207872
4214 0.4181103659746849 -0.8486609811988056
1886 -0.7907711212979918 -0.539019145717393
1771 -0.8961625545995137 0.3417845643576809
8358 -0.7250970988987469 -0.6022755360630125
4903 0.48842591254078244 0.8177565389280148
4490 -0.453020870267605 -0.8402125206908293
1273 0.8788973190933989 -0.3644028717615678
5156 -0.03986364018997407 0.9533287820893213
3452 -0.6428991224272199 -0.7155232644372301
3890 0.029448858582648934 -0.9616267604925239
6845 -0.10173504683815886 0.9577246275636945
1475 -0.4750875568843514 -0.8474108439890667
3572 -0.4747831502618848 -0.8469059346345043
5076 0.9288881880800017 0.20218876588666504
1633 -0.9036171117358288 -0.3156970313469665
4898 -0.00699200733180349 -0.9358813900058555
2714 -0.8440855836441079 0.4124107694837021
4242 -0.4799863745932943 -0.8139739074650864
5216 0.9109936221816779 0.32312019726734786
1599 0.7165858094582575 -0.6613928960938321
8963 0.7180002820026983 -0.6619739076806391
9335 -0.47109363711202834 -0.8314037254705348
11947 0.17016255886743123 -0.9489362169974305
3678 0.9361224524607588 0.1923419413714058
2164 -0.5934483634519785 0.7675855687233913
2509 -0.942651521334019 -0.10372755712681431
1858 0.9293278411713003 -0.2292063555873934
5265 0.1910157054339387 0.91908564118195
5900 0.7504394507771317 0.5774279292968848
3932 -0.29873814527729425 -0.920029737111633
3555 -0.9308260733919396 -0.1856060312355912
13620 0.2267774917068123 0.934932141169813
2386 -0.8720954275140469 0.3229127139490593
5775 -0.8808846348213476 0.3771377058827814
6221 -0.35523839085066555 0.867992997666654
2922 0.8692545909398876 -0.39691207687684027
4927 0.09348465690745204 -0.9520107402255943
9224 -0.9702830777982322 -0.044953771483845
3035 0.7826491848647199 0.5384538346389236
2519 0.8001659093831561 0.519199194671575
4789 -0.013435789431653272 0.95402148878029
3769 -0.8207392176588367 -0.49142739653799616
3162 -0.12730204695866515 0.9453795047265515
8931 -0.5519649734621911 -0.780301356684332
8987 0.7014868237594922 -0.522407987605952
7788 0.9296040086701466 0.28349499066632794
7906 -0.2981595289099884 -0.918725702957468
3993 0.5389146773802022 0.7812396461089582
3388 -0.022386884836806637 -0.9395234723392853
6765 -0.5641161138910693 0.7860182835251294
6422 -0.8714974388406728 -0.3881684243794729
6770 0.12459243738509575 -0.9366647258062675
9311 -0.7011246712986303 -0.6467796026906067
13595 -0.6888774409879411 0.6478324932414532
4398 0.17095115560680724 -0.9487829033298364
7658 0.9543002980757074 0.0038540045744182854
6384 0.8697452651993355 0.3798436469772337
8164 0.8844092724158743 0.39602014830029864
8160 0.21377947901533528 0.39476299603909154
7801 0.37598520568371674 0.8431666426693438
15035 0.1671809540591127 -0.9205810827223037
7236 0.6076554638867563 0.734781316214404
12096 0.6660943710102741 -0.6832398087796424
4266 -0.3325559429879544 0.8905696100589177
10056 -0.942920978422762 -0.02419138818686834
14002 -0.43505506750038475 0.1895295954546507
11048 -0.542050848372471 -0.7797635050924641
8443 0.8508994110521446 -0.4344228655404787
7985 0.9509955870836563 -0.18591702773147317
7161 -0.23914600551516418 -0.929280459439093
12059 -0.8930553155763293 -0.31602013722744954
6675 -0.5176915179135883 -0.5916661376308874
6755 0.5707560639567398 -0.7576786972361201
8172 0.9553813149345054 -0.04766899616666618
11157 -0.9046370917298936 0.3162725117592751
10411 -0.04894550829183087 -0.9602345259848336
10273 -0.8390051113153567 0.36640377580316685
13999 0.04782056821158433 0.9516221649964898
6286 0.8762871052451197 0.35328996394989187
12532 0.6415669134991057 0.7215690423820935
10838 0.5984179721095045 -0.7591101587591935
5550 -0.8004255291535298 0.49277949690031697
5499 0.9093725437083526 0.3222736585274754
5785 -0.9337303466745398 0.24703918804202998
8384 -0.2854552821935938 0.9140859057226499
7176 -0.03971668378721356 -0.9745993543283814
7640 0.9604349076759677 0.049504182044552286
9593 0.8244965153213061 -0.5172678233467257
8681 0.5538123116070475 -0.7732311296733371
5787 0.919672669163674 -0.2774341685398324
6700 -0.6260395845502384 -0.7116103751783511
10506 0.9047714733392551 0.2630256298531802
10328 -0.19677198888521005 -0.9298613818219519
13297 0.16256415189255577 0.9363850065581514
13556 -0.562860857688564 0.7851673915773947
10967 -0.9513776603749954 -0.06432156760884418
9663 -0.6111272948352849 0.7193135317175032
9732 -0.6338823403059706 0.7085344168985238
6536 0.49348463599406683 -0.8393424368015074
15185 -0.7659439538456478 -0.5903293932647897
6693 -0.5042905808616438 -0.5793316974592281
6685 -0.5023108686321702 -0.5869808716051723
6696 0.8452093008497589 0.42833255252506297
6706 -0.7667089921073109 -0.5906519605418898
6800 -0.5087708610013985 0.7862392816835094
10546 -0.27523472926650167 0.8986437411774763
6980 -0.9414986499875074 0.006140935189315873
9068 -0.937082174356091 0.0031518001022697354
15463 0.8824514592801536 0.39477779820279757
8367 0.73401056710154 0.6142718209411523
11613 -0.387057367861946 -0.8751550567892491
8794 0.7293529622329955 -0.5922243913917276
15425 -0.9360269345244556 0.004944765778538031
10309 0.823294214356962 -0.5167326388906468
9834 -0.39880960773883595 0.8407907236283124
10850 0.5988372487914958 -0.7608411781628442
12676 0.6425715705538189 0.7210273474435239
13756 -0.8042452472016448 0.5466449930371889
13584 -0.7335881839619761 -0.611877824702807
16654 0.3155779992761654 0.8983413656586635
16296 -0.7233668334174896 -0.6028893601975811
16300 -0.9217623243206187 -0.3015525219808921
16315 -0.4816443160764693 0.16176676602584547
u 0.35336257813878846 0.22157297623452785
v 0.3254854975089417 0.21620461496076301
0 0.38148482346645124 0.6866491750654551
1 0.3732923592062763 0.6887879207456101
6 0.8520813559979098 -0.42491987189974056
12 -0.3636574491677156 0.8869299555101303
19 -0.5259361737387698 0.7996053318820964
2155 -0.524746587799314 0.796834989672453
21 -0.15799861071138402 0.938403442258238
30 0.38258385234704756 -0.8742101181727698
36 -0.10512345844064526 0.7090117978859591
37 -0.09604245113359428 0.7108405208744291
39 -0.7960715708406813 0.28398257698248014
11509 -0.7897200526006938 0.2861643455062839
42 0.3508988315310919 0.792577772490746
3071 0.3469628116094976 0.7870563335972448
44 0.23549225722183018 -0.9204664552893765
46 -0.4034863459412426 -0.7606309191966849
8370 -0.3995985145849469 -0.7527642980039952
55 0.09114727937444962 -0.02704027476531639
967 0.10568514959789778 0.0013347374340904128
58 -0.17751480863531077 -0.6726579389045335
15262 -0.1803952970348338 -0.6548499481133101
61 -0.6407759166757198 -0.6311837151660992
3672 -0.641788234592123 -0.624060150300127
64 0.5298234662267124 -0.777248244968572
67 0.11469912519110376 -0.6069987747312552
8262 0.08322418004491312 -0.5686547535578372
76 0.730020595001499 -0.007506097476440403
999 0.7202036512294059 -0.014632918687770561
79 -0.06597355577266178 -0.8463855954974372
2245 -0.06527139488523198 -0.8344948402480404
82 -0.3630479411604774 -0.2076984686796534
3940 -0.30006094775321546 -0.22395669322169043
89 -0.8054818561593671 -0.015790339719649174
261 -0.8016550267911362 -0.016008427520361856
13611 0.639929491797719 -0.7240073501170751
101 -0.07813665817419867 0.32538881692907523
102 -0.0685263099893973 0.25826694119611016
104 0.08242795961762078 -0.8821696984056572
5750 0.08163870256213004 -0.8723745581324178
105 0.9581993253337681 -0.13432230657658067
113 0.9591851945706034 0.04925750939720301
117 0.24068873675822933 0.7992472761762917
5662 0.23773935608584498 0.8044654749658171
125 0.8180939029315158 -0.30968214128064747
7645 0.8154006025716233 -0.30921819019431085
128 0.01692111599697005 0.7810149633577286
5491 0.022339881241202512 0.7823466140532009
129 0.15027573247340648 0.46843704287643756
12675 0.16015857585454496 0.4636402374851645
132 -0.7501209797832807 0.14113776502504627
13993 -0.7493346786983515 0.13638098757236108
135 0.5300011204663555 0.1918705320970949
8149 0.5258910836554963 0.190456152208521
140 0.04558880338248897 -0.34214695907291176
4850 0.05044314787797647 -0.32737701158727506
148 -0.09338062266687125 -0.3996135821950507
2107 -0.09706444884272791 -0.4203343732954014
151 0.9602156048521163 -0.13400282669640395
162 -0.2495583297493442 0.8210625037607611
163 -0.24328631153907548 0.8150736675326683
165 0.6567450842038018 0.7129401979050489
170 -0.8585890955072388 0.2627857588310192
536 -0.8559105123495335 0.2670357781771359
174 0.5352743909009886 -0.05369040197939555
178 0.5155775945758451 -0.0895887294831459
183 0.22959431424495705 0.14997592053927963
4355 0.20187225144527032 0.13971562811411467
193 0.3514538057922453 0.3662017840782024
14404 0.35357037154049276 0.35021637461006583
203 0.9278849682704229 -0.1984479177790297
205 -0.3116806210427034 -0.8939916652025526
206 -0.9288851825973984 -0.24673006218787355
207 -0.9348797029938405 0.24773592687477558
208 0.6417226331146114 0.3274626722792256
5771 0.6088011102018179 0.3237311171041126
209 0.45789486875861357 0.8457471347423224
7619 0.14256895610104314 0.9592449734631789
211 -0.6292783089810816 0.5098231048793507
4792 -0.6192656238223135 0.4988603209580902
213 -0.6133273952023214 -0.7560018762664018
215 0.7623257272363496 -0.6042068649254915
216 -0.32672636252931614 -0.9041035410596083
4450 -0.6125652652721046 -0.7544364937704425
12077 -0.611425593758189 -0.7528601370602737
218 -0.4717367218858428 0.7328004278765445
5800 -0.4725400734878363 0.7261716226372097
219 -0.8245613151941419 0.23087643364449217
7477 -0.8141250800299976 0.22084048835736708
221 0.46178945250115877 0.8584877356894635
8685 0.7604473873721423 -0.6025806995321146
224 -0.41487628976150887 -0.8558892980477488
226 0.2879179741917922 -0.8459943840734092
6007 0.28491199556251384 -0.8430621872715542
1350 0.008188782360725929 -0.9562697421850831
8023 0.008292073619562218 -0.9569900976628307
3710 0.11655484696548289 0.9474137438765723
11962 0.1157447327769747 0.9445293534524798
232 0.7378587353648586 -0.12935007251469766
8689 0.7165146817404427 -0.12596573383982146
14984 -0.8642241821369778 0.4321594932813669
237 -0.8116356676684271 0.49851276256951926
243 0.5463920350516855 0.605698907132862
246 0.5402459136083951 0.5979885682355729
245 0.09621732536048862 0.04597382038375697
16453 0.025839130427253602 0.08093018453389733
250 0.00334079096680393 0.8755794167567431
502 0.0035259727657342803 0.8782598891914628
255 -0.33522225002970013 0.5522483459998095
1995 -0.31513969939148245 0.5371387606953517
258 0.9391778176744823 -0.08275351092632928
260 0.18644310620453497 -0.6264958577817336
8138 0.19457394941149536 -0.6025334745056306
333 0.5869373411480353 0.7559550540520753
16018 0.5858512863145052 0.7536121350332099
268 -0.9597307956902998 -0.15601025934051405
274 -0.9476783887542537 -0.20536637663153023
281 -0.49245154365697763 0.34919106083086665
300 -0.3810989030407783 -0.27930365497383813
1394 -0.3708893526335494 -0.2766759741039141
306 0.8221417742389906 0.16804642927292948
1375 0.8207421843159434 0.17414640306578627
321 -0.7904330807215698 -0.3857240737845326
10601 -0.7828044642592753 -0.38479553144514467
331 0.07659379474696852 0.4381550287205884
332 0.06252335492798822 0.4323024468181068
336 0.9514631313119997 -0.18625571713761221
345 -0.17860446608746308 -0.4891188774759042
2009 -0.1574283194646667 -0.4702437263590369
347 0.41601125165524144 -0.8087341379589961
356 0.41352358790230564 -0.8086638329064955
351 0.182766189781149 0.6974818049950483
5446 0.17432863783295935 0.6748027573255774
355 -0.1454094857342815 -0.6464559491034512
2752 -0.1425925257007821 -0.639534361631987
359 -0.31536298739137675 -0.08038801044741081
737 -0.3211533022193537 -0.054526050460391336
365 -0.37881617837808024 0.7272919288714286
3486 -0.386548986900937 0.7219783242713199
369 0.6059746421497775 0.25376693639366676
643 0.596342827446507 0.28413436168400413
370 -0.04885914457225549 -0.9609435759168815
373 -0.09980620030273808 0.49403916019917943
8990 -0.08077683557420903 0.48395480946193603
382 0.8975792965480592 -0.34080640820056446
385 -0.09394058386947096 0.8895678793087045
7049 -0.09035433066915516 0.8773402420701181
390 0.6598813028057569 0.7129068603423847
393 0.06589785040016863 0.030169892097774376
442 0.07117492881541317 0.026849501274999948
395 0.28409564490865613 0.8567514051661238
4021 0.2830794936687376 0.8518075768243469
396 -0.17587944066537664 -0.40252312712027166
2403 -0.16507907554357676 -0.380375021340364
398 -0.7785898081644537 -0.4118847603557623
1627 -0.7744291017277029 -0.40972668411029733
399 -0.6883112502350198 0.5673400497778169
3246 -0.680748003675258 0.5651368253023897
405 -0.881605249394481 -0.369367143769157
408 0.9310151759448074 0.2838918370119102
415 -0.4215128879598998 -0.7604477510948001
2434 -0.42056106019074835 -0.7543051655441055
423 -0.7539531481334276 0.4464118001888994
5562 -0.7438420327668758 0.44046366513759866
1646 0.9481456376001747 0.11158484251614283
10412 0.9470513297996163 0.11099406776877402
441 0.2119591571496847 0.5443866390538442
4832 0.1854605990453229 0.5316110551588129
448 0.10674990857899325 0.39027844260039224
8637 0.16176157326928303 0.3797207617585859
456 0.5780296975490969 -0.5658480570620782
458 0.5751238654797605 -0.565879152711339
460 -0.4856244906452111 0.815627671715228
465 0.5509431655438096 -0.4581899454524581
16644 0.5556985646686412 -0.43450935655095724
777 -0.09509867134264 0.9493246456292146
5151 -0.09516724830122589 0.9478575240557853
470 0.31810085222653256 -0.6488952357990003
2103 0.31495208923334506 -0.6371100320148723
472 0.2585585965368512 0.9160149728471856
480 -0.41727319708872873 -0.5379489809295434
481 -0.4026906582076234 -0.5272637007064335
710 -0.958219397994315 0.1268963944160868
485 0.6965335587805178 0.5522994394588674
6554 0.6996377651719523 0.5516020303605934
488 0.11657404008121844 0.945118134271906
493 -0.8676869362299289 0.08888313072348385
11517 -0.8649649542658503 0.09218557499776928
497 -0.9653800003027734 -0.01099390525830535
499 0.48527083712726743 0.11870487911417292
8276 0.4573156012337548 0.1388335254682005
509 0.8099919333677851 -0.5080726120990506
513 -0.9004428220706149 -0.33839060101257246
4826 -0.39742466171317375 0.8849241639307783
518 0.45787202417292083 0.8456753733557621
522 -0.34374689905557854 0.09950626330914017
524 -0.3082776611454255 0.0962638378312367
528 -0.6147473504654271 -0.21484594744370422
12723 -0.5923562836826423 -0.22044016239779063
3723 0.30586511708157826 -0.9066719783135366
14244 0.3058052712341889 -0.9049483344512903
538 0.7376966149741627 0.3801616704315965
5260 0.7356601510375214 0.37962036928239445
544 -0.8336349845499125 -0.31678834569620434
1330 -0.8343244858857282 -0.32091130515533545
555 -0.10018371407307004 0.698329133959885
556 -0.10611360234006967 0.7056101028885925
565 -0.20864861822088596 0.06520461470182465
4759 -0.20724096625016483 0.06987400469496922
572 -0.23201577908892443 0.22179569335017274
1126 -0.2408370444717703 0.220619035650576
578 0.461953952599492 0.8580046676432247
581 0.23461151938666433 0.9251693956752366
583 0.44588345575107724 -0.7196480581477478
584 0.44745922094901486 -0.7130103907459505
591 0.24009357320603567 -0.02173023505864528
5938 0.1755195250086405 -0.0028636450345174546
596 0.11588589396543315 -0.6664759811937608
7203 0.09812033403320894 -0.6748380182911936
597 0.9395695975303556 0.26174124383932185
601 0.725125475469527 -0.2760360509105359
9882 0.7106908551857588 -0.256877550006644
604 -0.36653064501206023 0.7683044448884202
759 -0.3572191944314571 0.755029959325192
607 0.6306953162530626 0.7045375267233384
611 -0.2660808434685145 -0.11174493062269938
624 -0.27104378874830537 -0.10506657582413313
615 -0.32577098884821887 0.7794989015881113
623 -0.32022913529939684 0.7801142922009441
619 -0.32447153304248005 -0.3963787636720968
1218 -0.3125251830450662 -0.36742934811517247
627 -0.14600309035714723 -0.8164034965472494
1222 -0.14089057734037408 -0.8075568122647919
633 0.25621058625115484 0.5737664612511666
10443 0.2524588685209145 0.575139892506049
2286 0.9246392314961044 -0.19849656759357676
641 0.3629048631360886 0.8759544036205406
646 -0.5412726927954618 0.34139363446295
7109 -0.5278226681558275 0.31548943529400036
650 0.7608219126573176 -0.2463631751496217
7450 0.7475778053590918 -0.2397891204865468
656 -0.12322010459620647 -0.9547288684578705
661 0.20019654560787717 -0.12607825320483051
1486 0.1905338295476094 -0.14401009117206032
666 -0.623236737836954 0.3421745361699454
1803 -0.6113978083849854 0.33925690434408956
674 -0.6906288878513692 0.6789276546324762
682 0.6829755366034527 0.5048487893991126
4397 0.6828115872322351 0.5043334572027497
692 0.3381574455001063 -0.4888321145938751
9028 0.3394694634150881 -0.48301460958262393
697 -0.42344811669591603 -0.7178373025960954
3249 -0.4253505518430599 -0.7170243526843247
704 0.859997723772328 0.19356584869048407
5758 0.8553046901809357 0.19214417207349685
711 0.7725146152183475 0.4410122527634249
6102 0.7729201442475301 0.442933865809318
714 0.1290148876183953 -0.8594492364734362
4999 0.12850765036824024 -0.8565115135949631
719 0.5388291901540408 0.5718880327913549
5663 0.5337473440122409 0.5698910372977157
722 -0.2516084919926314 -0.8404513483322639
1907 -0.23876697143376382 -0.8381134323558751
723 0.30750349206388466 -0.8431587416966944
1259 0.3074138829166502 -0.8360613923680452
5815 -0.41310185950335776 -0.8562915122546755
729 -0.2919734830857435 -0.7025181206375328
3898 -0.2960595088685701 -0.6966985213480168
735 -0.9286961733180684 -0.24681041666621617
5509 0.7708872111755939 -0.5649925139501869
15293 0.7735285469816185 -0.5656648216992987
756 -0.4855283525393994 -0.4426859342631905
760 -0.4600528388272631 -0.4096122480460607
768 -0.738140486764191 0.5953056882779746
775 -0.031056656344929462 -0.5195342741486549
3400 0.018429710298806936 -0.49521447500382065
778 -0.3128138497740912 -0.8948338513899472
782 -0.9204501950807322 -0.30178992760939155
791 -0.17275824233724882 -0.714638962589359
7432 -0.16256885809153124 -0.7099607146840637
795 -0.3896491397560743 -0.7046056494656271
1286 -0.3732381355665482 -0.7097534419698833
6409 0.6297981964956747 0.7024470490622167
801 -0.9475916350393312 0.1990541089061329
808 0.0715225043176298 0.29640003099537954
9592 0.07595472102137674 0.30980588875193993
817 -0.8972585845288515 -0.33819697695478174
819 -0.27792083570326725 -0.0005896894962834226
2178 -0.2572442382689267 0.013721088758296827
827 -0.9530238189538961 0.1993297233678966
832 0.5990150682587542 0.6319865705931695
1664 0.5936525327552274 0.6251168950619806
834 0.4489716872118229 -0.8395857841188492
837 0.6952997530316094 -0.5528157997284993
6168 0.6991462347232763 -0.550945257892331
844 -0.5671811153576857 -0.3939910896929295
5033 -0.5518853043040977 -0.38462287851487037
847 -0.7305875606539634 0.28153182521877906
7424 -0.7216984680011149 0.27607142682123814
860 0.8462574082122578 -0.08992634232993663
12761 0.8358290682254382 -0.08928060817430804
868 0.32210065740442306 0.22158273168106912
8827 0.3090338019556742 0.21683772287618852
2069 0.3633819331690146 0.8725566522132557
897 -0.4769374065192596 0.3665356661307781
903 0.2167260485930413 -0.9349012629429582
914 0.936734774205512 0.26673238661279164
8961 0.9355394226357554 0.2662186255636341
916 0.3638185450812755 -0.8842009958133182
925 0.7338223767922217 -0.6060734249566809
928 0.6132203196083175 0.6588230683983516
10804 0.6070334922911792 0.6526236573929669
935 0.8493674060556314 0.2063457866889731
936 0.8465104205750117 0.2148745391362033
944 -0.5806151513948193 -0.7546553456292914
946 0.12784985743708457 -0.7028959072407033
10646 0.10987307519417983 -0.6974869400254318
954 0.029831299009752527 -0.9637837207963651
959 -0.8605278974167695 0.13811597598345776
1786 -0.8514856505909555 0.13430505053866107
960 0.471981152206218 -0.8248598508085833
964 0.637258251601287 0.019863184119920163
981 0.6347458991439002 0.027638057482892466
968 -0.25235928169155475 0.9361941359526332
973 -0.42947988445557417 -0.3539899585573869
3204 -0.41496228515047684 -0.3728328766281585
986 0.37953913358813735 -0.4593744112310643
12042 0.352591354061022 -0.45711742730598864
998 -0.7513732759773452 0.4040178183255289
6629 -0.7445814882948298 0.4002618714716055
1004 -0.3045749003678588 -0.8213673460424287
7691 -0.3043021941936063 -0.816678660698306
1010 0.7581173748065712 -0.49507580385744115
9256 0.7462385108120425 -0.49425371591417916
1012 0.41292282775871525 -0.6260655253097657
7153 0.39927879892103596 -0.612065703864139
1015 -0.6310604889700341 0.031137672642566224
11565 -0.6249894028875068 0.017727632957515765
1019 0.8618094630045441 -0.009338012094331473
3911 0.8619805708551185 -0.006171841871370275
1024 0.4107533495316142 0.763713602147691
1025 0.4116141135141327 0.7553838209805269
1026 -0.28764381426566077 0.796778542669317
12825 -0.29130158333791606 0.800781678733226
1029 -0.7936927099751442 0.02971734018011163
10236 -0.7674423765583371 0.029931303693190588
1034 0.4702123137996237 0.004924532838351672
1036 0.44845449451112024 0.0118559127250365
1042 -0.3080034286600209 0.7004147047242104
9790 -0.28985468324854086 0.6573065297004645
1044 0.6946351392451892 -0.09073581351181217
8809 0.6889028863470782 -0.08371059215579134
1049 0.2588006591434437 0.9166078394353311
1051 -0.9235081639941737 0.19521409008755247
1053 0.8115631991109122 -0.25550933009086185
8142 0.810289659385698 -0.25261667827606793
1056 -0.3237376488196091 0.802745179589455
11085 -0.3091045266422858 0.7897350672220205
1062 -0.2924582831137088 0.9237178034564054
1071 0.019810730817650536 -0.3452234867637131
4475 0.009239791638537597 -0.3284164626042193
1078 0.6650905868328121 0.2659426605985617
2558 0.654028980725197 0.24973125420193795
1086 0.812158654526617 -0.17204565265175162
7044 0.7964541077552445 -0.15823956793492627
1096 0.23293973790231698 -0.6601677748005251
3299 0.23188651456720435 -0.6548266722087034
1129 0.8245317471313155 -0.5180723739889387
5865 -0.686828570282102 0.6753273117830249
1140 0.41653367264454627 -0.8492705477380473
1143 0.17313202838077008 0.5576439783537974
8675 0.13504563953235554 0.5189386867823012
2794 -0.8578708406600052 0.4288034410535502
8712 -0.2521299074248821 0.9324577244961656
1153 0.6134811723047671 -0.2940852443279989
3253 0.6067325135772188 -0.2985655046186896
1159 0.07552484066828655 -0.2343935201426151
12526 0.07070393325342698 -0.22154535563427524
1170 -0.7920710435755804 -0.540121100394213
7249 0.7593675093421508 -0.601624798241166
1182 -0.8962653663211122 0.3427536480318184
1186 0.8074914059877353 0.2097125219411348
9043 0.8009432011111012 0.21170816996425715
1192 0.46185277470420893 0.8581693419311184
1198 -0.6236287512476487 -0.3954287403996052
1199 -0.5938960080163276 -0.37840438958012823
1203 0.79647024405318 0.44319280914552406
1929 0.7964338988177122 0.44285708708348337
1208 -0.7255474134153636 -0.6029974411757143
1217 -0.17792014257779687 0.14361179821193445
6843 -0.19217763505180027 0.1709036250122135
1225 -0.5023259776806039 0.5876256965628709
6582 -0.4975591836333273 0.5884725491635522
3609 0.45965237651313834 0.8538661609136089
7647 0.46124425993707857 0.8577637719942154
12849 0.4611676751185405 0.8570905879396811
1243 -0.0324531009729373 0.676687507522714
5720 -0.03757188285876394 0.6631108652492691
1249 0.6483815779653577 -0.6123475352678226
11602 0.6435837288659061 -0.6090423450630119
1254 0.48941277149469337 0.8176096538984945
1263 -0.45364508509853585 -0.8404035933649372
1264 -0.08454253179252379 0.26545933824127677
1266 -0.08575376549221053 0.26441449753155777
1271 0.8787102053545383 -0.3647699001898402
1667 0.8769953208020987 -0.3640151181741977
1278 -0.8553989807103013 -0.06812476475776116
7717 -0.841647235300899 -0.07147481775767095
1282 -0.6003608086760662 0.3864819868404336
2336 -0.5967604203248377 0.38686567184007187
1291 -0.7563652394300957 -0.31056771000862704
1530 -0.7542206644573569 -0.3212804325628773
1293 -0.44254127869505705 0.5300293551004467
1963 -0.43353124498703044 0.5123013745033635
1310 -0.03992341190555343 0.9537364748282275
1318 0.8674841267588728 -0.1476069406215189
1779 0.85897126153195 -0.14519897806773355
1329 0.38076386464409057 -0.8695485580329423
1331 0.4922461544808727 -0.8394366009117205
1337 -0.33307222969752026 -0.8212152588757352
11979 -0.33278117142431635 -0.8188722218184786
1351 -0.6439911021274157 -0.7155575688939793
4884 -0.20462748042211662 0.946264830419674
10317 -0.20510800487807146 0.9474423292443224
15609 -0.20539128891834776 0.9488861105355094
1364 -0.7588460673209 -0.48722994530917163
1365 -0.7549400543817643 -0.4853262937591211
1371 -0.724629937575396 0.14990936422410633
10277 -0.7144934705024683 0.14330582600136255
1390 0.28043464523838196 0.3341863360810801
1398 0.2549277275404231 0.3570105249132701
1402 -0.33628803303943156 -0.7687591304361615
1772 -0.33226267858980224 -0.7560671975727667
1409 -0.02485531453480916 -0.38418344459423975
7744 -0.019782438611290705 -0.3756022250749348
1422 -0.41653572756236207 0.4325637440126424
15738 -0.4154278678311219 0.41415798952672284
1429 0.47216616094570063 -0.8239471766376155
1437 0.5930300370694987 0.6488064159763706
13811 0.5965467682786516 0.6445973944995982
1450 0.37333219694449016 0.7726212682772011
3581 0.3766612123429912 0.7658358497367364
1453 -0.5992511706659382 0.07791909753383491
3752 -0.5895815426417129 0.11013374205210735
1455 -0.2924276329259434 0.924374974710413
1458 0.31701823540487245 0.6124786887851308
1461 0.315288629989636 0.6196232666698156
1463 -0.6345849292093427 0.5617074509784981
10926 -0.62561052488964 0.5518197639685256
1468 -0.10169328386750373 0.9590538471895438
1473 0.7484578368597282 0.22670621018428835
3652 0.7175192172839132 0.23879742260088976
14568 -0.4739277349655298 -0.8456874255005702
1483 0.0021498574144139058 -0.8609302428782207
6012 0.017558354278410584 -0.8605714637233556
1488 0.48270363831430724 0.3789726120625
6472 0.48177024620731035 0.3932362824732349
1495 0.9018959150539031 0.06616756933657297
5564 0.8974964988419256 0.06750833984802707
1498 -0.7388967191499203 0.5941159983804744
1499 -0.8308941777634247 -0.3401548943070497
14469 -0.8235091789850715 -0.3389511476400575
1511 0.3817322702375874 -0.8005361331765339
6181 0.3805965486134882 -0.8017205686966933
1519 0.9278885055698048 0.20714158577683328
1524 -0.5875579206356906 -0.24514135201254958
1573 -0.5708968761146358 -0.2313215088548386
1525 -0.04711137554011062 -0.09831571855433047
2141 -0.0790942962510252 -0.13219383995739092
1529 -0.9043681762877973 -0.31526477450081547
1531 -0.007092415616365949 -0.9359055067304214
11511 -0.9172111457360314 0.19442794618731418
1535 -0.8471212042977648 0.41311522895257086
1539 -0.6074755098056882 -0.06300650545550511
3543 -0.599572835044885 -0.0703175316959701
1546 0.139013636223531 0.3262091492260957
2391 0.10207539201799476 0.2702548871137497
1552 -0.3071688437957106 -0.6602725151238574
2335 -0.3070914083105931 -0.6548195421552621
1554 -0.7534469133466702 0.5972709522065409
1563 0.6585104304915639 -0.06112559299488315
6895 0.6459758163429015 -0.05459407912527521
1568 0.6077187330491304 0.09171616280538868
1569 0.5943834196246709 0.09975932882652505
1570 0.7009812967379344 0.4924077976092179
5779 0.6918403852876612 0.49228046500328565
1580 -0.03429761945881053 0.4822231080698269
16586 -0.053749335991106865 0.4392929095602729
1583 0.778987008905873 0.4233182743477604
11069 0.7815700885739871 0.43412672323706875
1588 0.8532972902950255 -0.4246806610283935
1590 0.18579266411861814 0.7109654623880614
1592 0.18221332222054307 0.7114390860015397
1595 -0.4818858322121973 -0.8156169352247823
1597 0.9117660458705303 0.3224425325533597
1604 0.6983625106081562 0.5825580043236332
6905 0.6936603147530789 0.5790482726490007
1605 0.643693447739422 -0.6249158566789761
6787 0.6451907245577746 -0.6151317509672481
1609 -0.4527072633702444 0.3651501857538589
1917 -0.44771846731092646 0.3213223299404011
1618 -0.4716638399408325 -0.8322751627742428
1629 -0.5983354797801047 0.19683277711555602
4835 -0.5827320061302416 0.18900540802083726
3143 -0.9028623831311864 -0.3151303443360767
1636 0.27113857362118604 -0.7674681565354894
3423 0.2672966680600258 -0.7543637404287766
1662 0.2464812814731204 -0.2955465454166406
1663 0.2681748394705502 -0.2842647383857055
1874 0.8077387626949104 -0.5059086877485806
1670 -0.07064503989475851 0.38087273901716134
15048 -0.11176238563252736 0.3953237321925231
1676 0.17122369959060127 -0.9498859295051142
1686 -0.033341171494647756 0.6736041370679171
2108 -0.03825673727480606 0.6648742719319454
1698 0.351289560451019 0.5686747447855759
4644 0.33418524671158023 0.5562277930709826
1705 0.661843957359935 -0.49082973947956887
1706 0.6562416024841333 -0.4863830908084455
1712 0.019047585988204722 -0.6883997073602556
11794 0.020133091826089973 -0.674211649118393
1722 0.6971866680948805 -0.4998061679759292
9554 0.693062467613848 -0.4983105359885486
1730 0.9357240281307407 0.19280031677059342
1736 -0.8135515146183104 -0.2626270179049234
15086 -0.8023993991031307 -0.25687616477309205
1746 -0.5081508297972545 -0.38201694707391104
3390 -0.4938958849218378 -0.3697243204106916
1752 0.5058041293759892 -0.523244570869931
4051 0.5015747870485577 -0.48761219002424605
3867 -0.8954616462496934 0.3429173885036484
1774 0.8457533217811183 -0.30454817919889005
9541 0.8423600342371482 -0.3022340659264158
1781 -0.5931680453828424 0.7685754741693346
1793 0.8404039165069477 -0.12963530915894744
9495 0.8467550667349651 -0.1260386513428695
1796 0.3069024416927058 0.10970403409041643
5783 0.267958998411293 0.09348209204731175
1797 -0.9630569641553124 0.02500099173771535
1801 0.518700843474132 0.6782903920695165
2896 0.5124128862195529 0.6690293554177843
1804 0.2091005149009009 -0.8704458927155069
4877 0.20942743194641472 -0.8652090492938329
1829 0.7198682613418377 -0.384391823229338
7080 0.7122500127073208 -0.3644633430168317
1842 -0.9430756709715861 -0.10149454822214019
1849 0.9305295935590616 -0.22931116126033643
4195 0.9219827513298423 -0.22718379622823717
1871 -0.7161665733641721 -0.1131564970298492
2685 -0.6960784721078301 -0.10042767014451272
1876 0.18989960789120294 0.9204553677097387
1887 -0.7897633862335368 -0.5378130215115284
1892 0.22110999160565048 -0.406256421367546
1902 0.20225904788384239 -0.3849067648670901
1897 0.3932721546035573 0.6252522897230699
2308 0.39241244238035794 0.6281439251880795
1900 -0.5915933945368479 0.7683145460498217
1905 0.5969961787537647 0.5790874283750109
3882 0.592944968331072 0.5809235219976843
1908 0.8250703786805855 -0.31718375898045936
4420 0.8143008611982703 -0.3198467448017334
1910 0.5241420352169176 0.6690789940086188
3352 0.5259312106237936 0.668073073067362
1919 0.21236555278432132 -0.534485799107324
2512 0.20462989614346777 -0.5565197425098493
1925 -0.7328279201262604 -0.3120302447804143
1926 -0.7278949577850323 -0.31457174719788494
1931 0.19462774096828842 -0.36828976186347034
8115 0.16841843553702446 -0.3635052128120063
1934 0.48750377730176936 0.057987629039969214
15220 0.477407742390465 0.016295785902035717
1941 -0.7675171645414377 0.3935006581119486
2019 -0.7641777245600792 0.3895030278767759
1958 0.20204284244670026 0.6959433340433857
3447 0.21486678313218982 0.6798686910742516
1959 0.45307707055517743 0.7629754326810315
10192 0.44701836571726705 0.7606019175076072
1971 -0.12283763079384359 -0.9549535304225124
1976 0.14421917454883296 -0.9608055123833288
1979 0.8115809096119679 0.32728023622167507
3820 0.8046607492103626 0.3308558162072652
1988 0.7499368545684373 0.5813095212479988
1992 -0.29971485880172377 -0.9246978425929506
1994 -0.8106080391610284 0.04673247724221583
11182 -0.7985415539762266 0.04508417783935051
1996 -0.9339153160662366 -0.18390474014251282
2004 0.23433715329330737 0.9225312676372749
2010 0.2282487640829499 0.9354560527182422
2021 0.3523699985927689 -0.3388612251580749
2330 0.3417557542995322 -0.31669569454428
2026 0.4608662790745152 0.6072030045546959
5094 0.4576834931841123 0.603493388001575
2035 -0.4244915661291303 -0.43598769266108756
12374 -0.41099081749777794 -0.44437108324308605
2044 0.13885218123278079 -0.657416877851957
2508 0.12905894238690202 -0.6503621336529904
2051 0.8553959067267777 0.13161954789323832
9360 0.8540198194153827 0.1265231547969007
2067 0.2508464317399004 0.5425265435264001
8824 0.24124855950492557 0.5072008959786523
10369 0.36285626052787917 -0.8826035284158997
2095 0.8991569790941335 -0.13585359149618606
4883 0.8996835867913759 -0.13590465104415803
2104 -0.0892196144822706 0.8400183968341333
2265 -0.08465785400537533 0.8287939968378158
2113 -0.15294910824696048 -0.435858885436513
2847 -0.14532656482237402 -0.39376289522399927
2119 0.1075803183695539 0.7753448775424995
4859 0.11158645649925028 0.7755922955398545
5781 0.4569950365805367 0.8450577711862838
2135 -0.007365751643009783 -0.06804558688014926
7397 -0.006340356433419045 -0.06273395732075593
2142 -0.7795909495781496 -0.05406193718042119
3561 -0.7627894691122188 -0.04877326459952933
2147 0.19748697241298463 0.8297103438567087
10225 0.20394133115792548 0.8122506107857563
2151 0.2987928979537121 -0.023889524669021098
5944 0.27710994045469206 -0.000998040904704684
2158 -0.497478591475598 -0.3702768613303575
9337 -0.49724473405056296 -0.37703073733299713
2165 -0.47265767075048165 -0.7305171652562933
7112 -0.4699348290541806 -0.721731585846051
2174 -0.8731928711475525 0.32350075364365044
2176 -0.8467927793484573 0.4131965937312296
2182 0.6459139216735276 0.5556397181638378
16355 0.6334789064506142 0.5618285896296035
2191 -0.8831205431710997 0.37741535296457945
2195 -0.06381475471169408 0.712488726579841
8935 -0.06335389976716259 0.6879568475842645
2204 -0.3591222984430858 0.8719725035945617
2205 0.42258049379290713 0.7272115029254607
13837 0.41892282450202734 0.7167158443012024
2217 -0.4795274418807737 0.6748376238556634
4887 -0.4731343956392104 0.6643527462537682
2222 0.6210131702275791 0.060401846325263804
2549 0.583453948849173 0.04771759758760734
2227 0.044608634635350586 0.7923674334056766
4428 0.043675205931912243 0.7849930342375846
2229 0.8711859506383988 -0.29202039411218633
11344 0.8720219954079305 -0.29175159415295104
2239 0.34299217939875865 -0.8352796998569344
9448 0.34113720480069065 -0.83150191001051
2256 -0.10462693276416 0.8757789377277453
2257 -0.11352095824254377 0.8715011237759479
2266 -0.3986411409428239 0.8874025122928202
2276 -0.5748199580664026 0.5550287782968485
8852 -0.5780406031078592 0.5399904237871317
2281 -0.07129068957539615 0.8600409766993418
2283 -0.07255259930378748 0.857109176831577
2285 -0.6921275010086891 0.47417506152712124
4414 -0.6967475951325731 0.4652061294529551
2287 0.86944991446445 -0.39715238146470966
2293 -0.012229147247227443 0.5891660859024134
13066 -0.018102377527548896 0.5786806648528393
2301 -0.762499463277321 -0.4538064779925306
8560 -0.7524166070028313 -0.4508681846031727
2302 0.7047070030692468 0.29086025493170004
12553 0.6822455400231545 0.29612165286573966
2312 0.36126463523558905 0.6343648952191302
14403 0.35047142367803136 0.6204292501327001
11352 -0.15840128068645298 0.93165957546024
2328 0.09376598821916654 -0.952647917259989
2332 -0.5151405393780684 0.40055715573703293
9361 -0.51663943641177 0.40822791237313005
2337 -0.9737504400559795 -0.04452296833398604
3248 -0.9705122719023316 -0.04438985201420357
2349 0.10530411596571623 0.0661237605244757
2354 0.109035642561568 0.06614956817584522
2360 0.1442039462931711 -0.9600862380898736
2371 0.8656313132601963 -0.16204857656542765
2584 0.8626385966198217 -0.16139035464977
14048 0.21508725629249814 -0.9303156764624952
2743 -0.8669383783264184 0.32146307727181483
2392 0.4874156015473792 -0.7276046108871669
2924 0.48623191600975924 -0.7247673922662204
2396 -0.5840880199784382 -0.2799108955446191
3084 -0.5865293546085089 -0.2886577453316999
2402 0.7840704071545064 0.5388232736774057
2404 0.8109033318217178 0.5315931201407449
2407 -0.6169937237829654 -0.6213993315889961
2408 -0.6123992837311515 -0.6098254988726921
2417 0.1640545760193553 -0.8532948329597062
8916 0.1639521095741408 -0.8451703805029467
2439 -0.0014526193889767118 0.00217998369030972
3891 -0.033131627747510446 -0.003045539302186716
2479 0.7939687914250033 -0.3962058686560599
6951 0.7956415972172015 -0.39217710977751646
2496 -0.10522278977297507 -0.8263695118561165
4774 -0.10799651892612755 -0.8302524359381005
11084 -0.9404278022157543 -0.1034376380657579
2513 0.6945962697132662 -0.5591242743218274
3971 0.6850772522833612 -0.5568657811158744
2517 0.8011935911111213 0.5198316671525295
13055 0.7979546009776746 0.5178543269564958
2535 0.30326824313204814 -0.19035721977906342
6162 0.3039208111321182 -0.2303064667808221
2543 -0.3404693613143807 0.17067611832729684
2544 -0.28097453825265706 0.1357567260084283
2553 0.8862897565894289 -3.969562872318649e-05
2554 0.8858418251780396 -0.007941998958579966
2561 -0.8611948019879213 0.1228110002099076
7064 -0.8562614865417222 0.12373770620985397
2563 0.6762321934489961 0.10855740654519645
12575 0.6736258476032111 0.10730747952029267
2568 -0.7267342083094939 0.43574109891765
6215 -0.7206618415127117 0.43289394703362266
2571 0.6019131012536925 -0.3236673452171496
8872 0.5674399981964869 -0.3031798908298406
2587 0.5616214521698172 -0.10933411348177424
4585 0.551580714991636 -0.11972812797524636
2599 0.1423946267896741 0.8533301936675488
11766 0.14262981539142203 0.862194893579761
2616 0.6240888695239731 -0.5594811496983195
5640 0.6184741694249893 -0.5558413992638921
3763 0.7309459670481884 -0.6000586670910806
4615 -0.4832663162085997 0.8114143378245264
2656 -0.17259874367441505 0.8751060073950718
10059 -0.16897883143284162 0.8758052919879559
2667 -0.7873288726680046 0.11925883894209759
12667 -0.7630252872755703 0.11368438533791912
2678 0.7170344061879178 -0.6612936101539847
2679 0.12798734421105887 0.8323392621828825
4917 0.11745986497996451 0.8269436726691692
2682 0.2478621377901197 -0.780055469968819
8241 0.2603446736058929 -0.7699709587232558
2688 -0.8612740139970222 -0.24932995796790497
9862 -0.8534514490532897 -0.24735196449410166
2699 -0.18390053662714506 -0.2571157056332046
10977 -0.15163960934652493 -0.3021322453333093
2713 -0.35051082039353404 0.11144047746959819
3625 -0.3396209689851885 0.0702432973648414
2715 -0.01329310196854305 0.9545917126356677
2722 -0.4366891243262388 0.7111673114053108
11568 -0.4267885516727936 0.7040303905825597
2727 -0.8214944716918522 -0.4922964283559221
2730 -0.8232605939327236 -0.4932577826244642
2731 0.381379292429977 -0.774479747644508
15213 0.3786615208030206 -0.7668959708696335
2735 0.168860794290344 0.8797178798780447
8299 0.17429737094901598 0.8760534694129326
2738 -0.629803138355052 0.6138831331579486
4440 -0.6305887323396981 0.6114221252885909
2745 -0.129137355312551 0.948007596140483
2746 0.771966964357582 -0.14232331997258774
7256 0.7473285474503031 -0.1319193728973545
9552 -0.9428838145438203 -0.20394496023946826
2760 -0.5523351445759893 -0.7809474265417168
2765 -0.8149977115031733 0.49879421380044386
2772 0.21940977659774782 -0.8594104374946279
2787 0.21597943244198686 -0.8544599190880665
2778 0.06185544612745361 -0.3680519111233431
2780 0.07909750923119126 -0.33826757071570945
2785 0.7050481800830388 -0.5265973742531965
2805 -0.4048128679185805 0.7439816693799068
13317 -0.400883735866738 0.7497854153063656
2817 0.5259961258712502 -0.6894247213221423
3225 0.5225541244895459 -0.683263848990525
2820 0.6212485751013628 -0.6418067853553888
2827 0.6148447077368171 -0.6329254168123952
2828 -0.06259024039680748 -0.7330358578151559
3456 -0.033245602320427246 -0.699460648649844
4665 -0.579255837820037 -0.751575130538528
2848 0.02222778209222758 0.823390023572359
3648 0.018611636178445048 0.8155370735545684
2860 -0.298002190197181 -0.9174043625357049
2876 -0.17560528518299867 0.36031606599648824
3024 -0.17690363214550833 0.3601613928387848
2881 0.7416832153974044 0.5121053605575232
6263 0.7321674954446296 0.5106194931699898
2883 -0.5366299047059638 0.0702139191249943
11612 -0.5114851438515894 0.07379664208596166
2889 0.541522790476345 0.7827624069398871
2899 0.8706680197897949 -0.24113082621082335
2900 0.8639102308437041 -0.2367230596273692
2905 0.21744592059351475 0.8328883034644254
12660 0.216929386486328 0.8235526699524935
2908 0.5772479013610079 0.34549733449079634
9604 0.554613500505679 0.3408050428697433
2919 -0.7929246712071903 -0.40949993757216996
7423 -0.7858284788084992 -0.4072640466866083
7422 0.867076080138722 -0.39599856219156154
2939 -0.12324410492292989 -0.9545183038128963
2957 0.4949209180134723 -0.2942696872133194
4484 0.4756021502142332 -0.27020747092811326
2966 0.5767687311471447 -0.5281209939904067
3775 0.5755012660139373 -0.5217820336424075
2973 -0.39857756907317793 0.5378537716941996
12206 -0.39148970268858396 0.52004204079488
2986 0.5146931985488019 -0.6294557633288795
10814 0.5160109227312458 -0.628644007980259
3006 -0.5212902952449405 -0.3636546086510229
6940 -0.4865202711539968 -0.3457998430050246
3028 -0.04000933614244329 -0.975728069768461
7103 0.7814872300295111 0.5376612943163535
3057 0.14506143483006023 -0.8853248155651012
3061 0.14489800712171272 -0.8790121986119392
3063 -0.535907450865535 0.655134370293793
16299 -0.5355617666774454 0.6517585835971402
3075 0.6074358303863631 0.42409657666258643
14693 0.589443408460336 0.40822523041604575
3085 0.20963516626907266 0.8603211849562629
9162 0.2096336854159171 0.8587325375763719
3099 0.03618814783698985 0.3123727247743738
5277 0.03616379363683867 0.28259501118996017
3105 0.3631940461941689 0.675702399118873
10215 0.3675216989341153 0.6859871772339493
3124 0.7589676986963615 0.4147011795950772
3741 0.7570384560064614 0.41795261696841524
3128 -0.02135099801063578 -0.941294626810644
3142 -0.16097821596909334 -0.2059179210409577
3682 -0.14741258071067836 -0.22357983398129297
3144 -0.7425228502559174 -0.40894371645428607
12945 -0.7424333467855656 -0.40688325405517717
3150 0.007597518539640479 -0.611468651975182
14097 0.00219013094558868 -0.5680518705827654
3160 -0.5648673325721874 0.7872263066686279
6784 -0.12921156191927732 0.9471410946784354
3163 -0.3854340006422136 0.7763837848846499
6767 -0.3808729673876592 0.7705039089021121
3165 -0.8708080833515252 -0.3876616676374679
3166 -0.22766616235006534 0.8200278126430764
6773 -0.22679679206107653 0.8146263820254722
3168 -0.9464875889273978 0.17569991063104995
3169 0.28891647642122387 0.7394327487053369
6774 0.2782144269163714 0.7409784706357607
3172 0.12499108333103526 -0.9379020626118527
3174 -0.6988068286340856 -0.6446872271698628
3175 -0.6898139375722602 0.647049079494344
3180 -0.18095701562714006 -0.1995420725892084
4921 -0.2089390116892839 -0.20256558620821574
3182 0.8496349695808433 -0.1273900699183685
13196 0.8457232287694182 -0.126431952663419
3185 -0.5586157374346775 -0.6457843982681044
13608 -0.5550735939745157 -0.6423393571481982
3198 0.4889737777542375 0.8176741798907249
3217 0.17058240114849196 -0.9493800742178669
3220 -0.29566150080452536 0.3477114980696654
9946 -0.25255769937432504 0.31590446086456864
3233 -0.7138129085783993 0.325531003536468
3744 -0.7041024453315698 0.3243230281729333
3238 0.23652161476477077 -0.9231724137567097
3242 -0.3164232681774246 0.6706132323795534
13807 -0.3172049201773697 0.6711395492682274
3250 0.8094132695854874 0.5306992448298047
10171 0.8075599947928107 0.5293967647192082
4365 0.7150387986747897 -0.6592755116043181
3259 0.10494773920756355 0.6197919978637482
5255 0.10486643608153838 0.6252865012909841
3268 -0.6228603854651945 -0.6526885158632277
3767 -0.6198199901309678 -0.6503241633442043
3272 -0.4426630216658142 -0.7378853759108659
9761 -0.4431810081388532 -0.724498170742479
8676 -0.3244274458617611 -0.9009061981072652
3288 0.4424988859443289 0.7808845107643945
4563 0.4444229026279041 0.7760797514676074
3310 -0.313883514273974 -0.7018619518011544
9113 -0.3103906678322723 -0.7021353122170507
3338 -0.04359749150808678 -0.8860561365913732
12338 -0.035391179275561804 -0.8749707636245726
3353 0.5432850129158449 0.5979424628710639
3704 0.5439541155054199 0.590189385655235
3365 -0.13289892685636673 0.8931453751733544
11890 -0.1340296471093008 0.8904933481109228
3375 0.3970101752434882 -0.3476727716641646
5791 0.36834561643528696 -0.3233756038895929
3386 -0.02295453355394157 -0.9421347233622619
3394 -0.26449018312232814 0.6321019570015504
14196 -0.27261502312261854 0.6467034359858843
3398 0.6684871507579464 -0.4135459897599047
10817 0.6741549066111427 -0.4283168566002058
3402 0.8579772217288454 -0.1981791014120395
12277 0.8540684232930296 -0.194684357379985
3420 -0.269357294712067 -0.8125798863274082
14485 -0.271512587319361 -0.8038200099852698
3436 -0.24020027909515654 -0.7338811540767656
4338 -0.23797891452357803 -0.7116394446896078
3446 0.6859536095332733 -0.11865519347980605
5968 0.6760930265712674 -0.09914342514818228
11215 -0.6424375225894294 -0.7137274254122403
3459 0.9552952689822647 0.003868106160198707
3462 -0.5918967301222927 -0.5277170584445285
10998 -0.6040138457709551 -0.5169044498154662
3467 0.47081569244920407 0.5195094616114002
6294 0.46259864816151325 0.5192986591917715
3471 0.7129913068640816 -0.518818985614101
7661 0.7078131974858898 -0.5153368725072613
3483 0.701038981393117 -0.06546177474445793
15634 0.693172662737052 -0.06066757758504199
6901 0.6381211915496874 -0.721890929705496
3505 0.1445509319888274 -0.9601835231463464
3509 -0.516277772860916 0.7105253076686444
12523 -0.5096931197793206 0.7102874635461633
3517 0.717063828322019 -0.6606363932805104
3546 -0.45983977814337035 0.6025287993826223
6376 -0.4567343794971579 0.5924039375352469
3549 0.7781483259547269 0.39110814686797346
8448 0.7740052110850146 0.38938994043442177
9328 -0.9322179446111823 -0.18195018393214904
3564 -0.6856045909758502 -0.532034184332308
3571 -0.6811614072087545 -0.5257601023383627
3567 0.1392103763851123 0.20937045846252805
3994 0.1304025753714848 0.17981695448341534
3569 0.5591744453466037 0.6217112204992529
4677 0.5492849185264123 0.6177444679650702
10684 -0.47381869032151075 -0.8450120055629304
11310 0.11421354223144066 0.9403932903199408
3590 0.8725007340216436 0.37706193863090653
3592 0.9390794331547164 -0.08080092193380772
3602 -0.9637006731075536 0.024507287848688594
3610 0.24757729220998664 -0.19726323934262188
6888 0.1927375952319568 -0.17495669627367047
3612 0.05901183662630616 -0.5861677361165547
8327 0.046006887913807394 -0.5736665151388262
3620 -0.1087896565860099 -0.4263943319544412
7402 -0.08032428742830373 -0.4073669378045017
3641 0.8836266710791065 0.3953046247407484
3642 0.6508177693811433 0.5351155066399623
15461 0.6478551096625565 0.531373092053631
3651 -0.5918358618993222 0.6531336994546499
3756 -0.5916096512873583 0.6564420691973074
3658 0.8487478765686765 0.4759788866103128
3659 -0.25144223258014164 0.7866009351474663
8682 -0.24929111598351947 0.7781125246679336
3666 0.05990117105233421 0.848728833009626
10696 0.05326233690344636 0.8395106665498436
4295 0.9333638753158923 0.1899066226322298
3680 -0.057993600968942245 0.1008676068636201
5388 -0.033800405694171615 0.137164936009603
3691 -0.275293600943145 -0.5713297405023898
7835 -0.29053837353948275 -0.5733363328321591
3698 0.5092659835671388 0.26741326497170886
10565 0.4748818456132774 0.23037801493545992
3705 0.23517403807979315 -0.05225526369235227
13715 0.26055475238118847 -0.06037328708020536
3708 0.21860246921499038 -0.7791902353562731
15628 0.22134380119863045 -0.764029218516071
3713 0.821000213537345 -0.2416850499392376
13741 0.8158115000434885 -0.22946630908344193
3721 0.2054081020448692 0.41344580505916617
3724 -0.7923521493550483 0.22845322756559652
13652 -0.7910218196208042 0.23051427295787963
3754 0.026814034091341768 0.6394623209579071
6231 0.02793186357861891 0.5863892480771552
3758 0.5004397090137106 0.23495937262927546
3764 0.46003439699842474 0.2701275866531146
3761 0.6036204335994196 -0.6547550655956311
3762 0.6021503374500292 -0.65506548172962
3765 -0.022145383518032007 -0.8227976726541213
4106 -0.025449758923645115 -0.8063029298629075
3774 0.3215467460024101 -0.43271011314529767
4986 0.333716622235899 -0.446267278563413
3781 -0.6851641314788648 0.16373280021579986
11787 -0.6700574465505537 0.16294019880915578
3818 0.37547101498490876 0.8439861448392862
3824 0.16784337379026112 -0.9230240777667555
3844 -0.056767092852786284 -0.6055174399712732
4951 -0.061798555906784965 -0.5842800681602742
3854 -0.410825816899051 0.1781585459941747
10103 -0.4028144780784425 0.17745408204555255
3866 -0.503403244621727 -0.7071503920572398
10810 -0.49727096120159087 -0.7013155805246052
3877 0.6090227862928325 0.7357582294279322
3879 0.7345353611235814 -0.468519655289334
14070 0.7340337032797243 -0.4719089858652034
3889 0.027050191193640133 -0.9598637133225945
3899 -0.6275806923869932 0.40796097333421366
7037 -0.6224021649621496 0.3947548401386347
3928 0.21426888253818677 -0.5054415901162667
13949 0.20014619262245353 -0.4358961304086144
3956 -0.6117868903844464 0.6654496243849005
3962 -0.6137211587775012 0.6641425671170967
3978 0.2111087046170223 0.08444293282866819
7807 0.14471668666214738 0.04300738681597636
3982 0.6660618520656676 -0.6825528449074809
3989 0.5429590672859618 0.7813240846492288
3992 -0.4634830664556433 0.6702057632971584
7703 -0.4589535217587302 0.6724006108221828
3995 0.6048077304153469 0.12377612401392378
7704 0.6027692489343999 0.1246634707353864
4000 -0.4377740547007627 0.7438352949752454
7701 -0.4308722280339394 0.728946828057638
4006 -0.496396265749324 -0.05193691404412076
13099 -0.42059926189476526 -0.06079000680190412
4018 -0.3357732490287039 0.8898546733801123
4027 0.862815902148216 0.07571606957940426
9647 0.858507986992769 0.0719204691473511
4031 0.010157956044166062 -0.901136530500606
8363 0.011516255722660082 -0.8906663613837464
4049 0.7495273969044551 0.5826042732572059
4056 0.46082919461711874 0.119687273627838
9097 0.45472073093414017 0.09322723486390184
4066 -0.7537539237194303 0.5979333830401681
4079 0.8886638934819201 -0.06255275550281406
4081 0.880031783480051 -0.06139137155746043
4088 0.07957311432689969 -0.8306024547093284
10622 0.08227102852814101 -0.8016507214037691
4096 0.7433895002126785 0.36586638122584614
14174 0.7483665173206309 0.3760080413585276
4107 -0.18618453123750517 -0.5805289154483644
11903 -0.1814921028605161 -0.5497986757592819
4121 -0.7289758793880476 -0.439197545734332
4123 -0.717808882991166 -0.43113142524953907
4122 0.9550439880209757 0.15650265998557206
4126 -0.9411505562081439 -0.023060608354909567
4142 0.5890644374976315 0.5520328392739622
4659 0.5769267923865982 0.5419210201098134
4159 -0.6452765636119807 -0.609890315715807
4160 -0.6395947607764815 -0.6065643357423881
4183 -0.44333769457166083 -0.6496837795395821
4726 -0.4430742819564901 -0.6478210646995533
4186 -0.4518521152252367 0.21059383052469938
4199 -0.5410246532810352 -0.7796692514471599
11995 0.41512300355194465 -0.8443243164268667
4227 0.8517820146856016 -0.43445142408760895
4237 -0.017008996280620116 -0.8623890633083641
12564 -0.017093034737700335 -0.8472479590753444
6423 -0.4793916987705539 -0.8114801327835247
4260 -0.4000341294376994 -0.1456906687660812
4261 -0.3697869035948018 -0.13344411451026914
10243 -0.3326016194900503 0.8875804812455936
4280 -0.7467715331409179 -0.3783105553592773
6802 -0.7406346554966957 -0.3741125487255826
4287 -0.039583521160217607 -0.9752049756088127
4291 -0.7259671731208326 0.3939408612698796
8706 -0.7152356129332449 0.38674796002453404
4304 0.8930353453989945 0.07604372101384409
8601 0.8901368923676204 0.07276491832985169
4322 -0.5635529120728886 -0.6059427873726062
5104 -0.558826968990954 -0.597135837131549
4343 0.813370345690985 -0.10625646248481774
4344 0.8102643581057661 -0.10612350208481318
4362 -0.5791047019335203 0.5500491012234459
8033 -0.5732809695211205 0.5413448363390344
4373 -0.823424096094664 0.2679729240807375
11116 -0.8206563269274996 0.2685401785310645
4413 0.622872957573537 0.5821612636975313
6448 0.6271976340555465 0.5718002367922462
4429 -0.2399898925903702 -0.9305582602752194
4447 0.253081599349941 0.64480880301336
15215 0.255282598829916 0.6452175494429375
4469 0.17717122637209645 0.38185082539235193
4486 -0.7897744373225363 0.562075564833096
10504 -0.4500409539906196 -0.8401108113183151
4504 0.6857604819230504 0.2806001176043729
13650 0.6877530112918716 0.2772227640522081
4519 -0.6555654661575774 0.44100779035689774
8557 -0.6511182216253132 0.43632611084817097
4534 -0.8928771540434947 -0.31806330011255585
4543 -0.5168054475996722 -0.6122038440126091
4546 0.5720228179059442 -0.7583001728206412
4551 0.9564154147276747 -0.047184039524093606
4558 0.7573985668882213 0.16381353021601305
5790 0.768307306304505 0.1641197252682168
4564 -0.7142712770867996 -0.14547907004224936
13746 -0.7151752281867256 -0.14798682221118922
4579 -0.344584413113941 -0.3724273006007372
5875 -0.338458490147991 -0.37653038786773035
4592 0.5305423946760796 -0.7782411589050404
4599 -0.9639370484178741 0.02528746151594121
4608 0.8054793757745282 0.10024730426559118
5778 0.792841397281432 0.11492972385528279
4617 0.05002335617118114 -0.3140225115268929
4618 0.045877196990276335 -0.28012475116118596
4631 -0.8480651992020042 0.4739509293035261
4635 0.4929098188388121 0.4677463989245895
5545 0.494575384915419 0.4621159582782528
4643 0.29721738526188135 -0.7840696099061333
8592 0.30119750368244 -0.7872312246463643
4656 0.5727767041319322 0.3214475462404884
5477 0.5619817498967583 0.32374044877878294
4667 -0.903849885946627 0.31536460503474495
4684 0.8717658232987389 0.37504552846965916
4692 0.7963400335646982 0.07696916598162834
5258 0.7777275881282659 0.0749438388113478
4699 -0.5577859452711783 0.5020308949749647
6310 -0.5510916428774179 0.491196771993791
4710 -0.1624934690345207 0.5987444019445264
15465 -0.1694889412303324 0.5722706181648254
4718 -0.15637228458412414 -0.9542981510686209
4721 -0.08108106194892854 -0.7917882987056933
4722 -0.06431289218163531 -0.783330283385954
13286 0.8961797258847726 -0.3407521424759685
4747 0.05206850123174429 -0.09032826730183346
8512 0.056733086499061 -0.08394752029178242
4778 0.008246568377909956 -0.35425757358507526
5648 -0.018026725020363246 -0.34830757249446953
9949 -0.012965507879951602 0.9536554096423658
4806 -0.17995039794650794 0.8366920303806376
16111 -0.18777879245003212 0.8259991882358694
4820 0.746259803526189 -0.4598167903653686
5978 0.744651239477158 -0.4543349518364216
4825 -0.18998587140404935 0.34442756835257204
5370 -0.20602606327205505 0.3218093828927766
4846 -0.6981845327010325 0.5259501763453772
4848 -0.6930108105983425 0.5250536077513309
4854 -0.05558410781318876 0.025706178113199328
4865 0.005021909656357005 0.03711237181911607
4858 0.39635559636432605 -0.7472279795327232
11751 0.38516828838545863 -0.7298656685992118
4881 -0.44370718775443707 0.5729949709766442
6355 -0.4228900442549012 0.5529910011036885
4895 -0.005504403030087652 -0.9371236593057813
4905 -0.603683394878659 -0.28079873384223697
5504 -0.5937410956564239 -0.27670599737353774
4913 0.22735278237846254 0.7983849628214986
10269 0.22446435010687796 0.775691182530293
7048 0.0941040899612604 -0.9516842928849981
4940 -0.09067283804737888 -0.6593272317596476
11861 -0.0947649591088414 -0.6426848575886486
4953 0.07553658213685556 0.44420010161993206
4960 0.07207073111368267 0.43526412173181284
4961 0.042556006356766526 -0.8439111216658778
8028 0.04187709284158565 -0.8347773972015088
4981 -0.877629654169902 -0.06875711845528905
15840 -0.8675210331681138 -0.07005211599791016
5006 -0.8497582990963967 -0.0011573615778486316
7533 -0.8457823770389367 0.0030266715229891076
5020 -0.41701026506158817 -0.7974448863697182
10847 -0.41422798060134364 -0.7936230881827395
5022 -0.8395241732736238 0.36515663953472177
5023 -0.14385048101801712 0.4523756179226093
10680 -0.12270685890884707 0.42351141427374717
5025 0.04757801863224802 0.9535661480504904
5026 0.5619617742239067 0.4403924176303184
11434 0.5642185935029879 0.4152752423124758
5039 -0.09729917943654288 0.8144139228646586
16401 -0.10140826516490023 0.8077569991000204
5052 0.09397993794528393 0.6925413358201675
16303 0.09464057343173202 0.689321172278259
5054 0.6181001347942072 0.6002853617911423
15918 0.6180515870400579 0.6024673782884394
5058 0.8084369889146756 -0.2271196021382391
7527 0.803813689648407 -0.22492995178259234
13385 0.9277330873335964 0.20342646352494465
5087 0.8779230962343592 0.3532569866559565
5092 0.6421362360140068 0.721296479445689
5108 0.6971419333600856 0.42878984266696063
5109 0.6825343732849802 0.4164043220925448
5125 0.5995368298143297 -0.7603239945791169
5131 0.08545193418284432 -0.07297109647533087
13773 0.058047713257091085 -0.07725717488298235
5148 0.3476669132169832 -0.5230913838635722
7100 0.3406197548807602 -0.5134036458856498
9085 -0.03951996889519467 0.9517588351181303
5167 -0.6556879227375042 0.5050489021672045
7091 -0.6468158768032288 0.5050163475172698
5173 0.266638292801106 -0.2950945600776051
13100 0.25457031558281146 -0.31748498249849816
5185 -0.803543226186131 0.4947030675244486
5196 0.4907252773457293 0.7196057375466416
8688 0.4904092226477828 0.7212472368155984
5222 -0.2381720187429729 0.8605518610492001
6313 -0.2329044591302562 0.8548570345529596
5228 -0.3354720842551003 0.2959921026043857
10852 -0.3419491174578526 0.31109687204041053
5244 -0.0717369978471166 -0.21364684782151383
12257 -0.10696969504592918 -0.1777665296817077
5254 -0.1680591049929417 0.11224373456316467
8950 -0.10319945847487123 0.11508316919685296
5261 0.19089302733075278 0.9188005309776053
5287 -0.7519887520909956 0.5964638770148747
5267 0.45757347377738045 -0.40088844938879015
16155 0.4556489818828651 -0.4195315826943445
5273 0.6041371230969481 -0.4771920833316319
5274 0.5973717459163229 -0.4632213099322623
5279 -0.5166700252860205 0.7233912625762016
9072 -0.5068134789328111 0.7268970513345445
5290 -0.3791489074193969 0.4313110485650987
12521 -0.34398785303039175 0.4239537459621195
5302 -0.23417735576001034 -0.8186832193446709
5303 -0.21996884145170004 -0.8232022163338171
5317 -0.21909711390870443 -0.0037663343555767127
5609 -0.23035854588743213 -0.003486869935792575
5341 0.9557572431919074 -0.04796150735427604
5363 0.20294320583442604 -0.7692397343793709
5378 0.20792228849718544 -0.7701021844631746
5369 -0.5060666259661478 -0.11149988422455505
7967 -0.4898394848729613 -0.1079012454673731
5373 0.550961408049953 -0.599355001899397
6896 0.5465716065462118 -0.6080029564562262
5376 0.2599821921528435 0.21833374003683179
6238 0.24590143028309078 0.2130374320656331
5401 0.5185180874703152 -0.6501161360277357
9738 0.5102862599011692 -0.6441653989316717
5423 0.05750394550615372 -0.8633531251511326
5424 0.05823719034998556 -0.857642491606677
5448 -0.8026696609278716 -0.31124519329699785
5826 -0.807193115060445 -0.30798562908591204
5475 -0.38349249875802355 -0.77524242176753
9628 -0.38215003702032113 -0.7804666600609702
5490 -0.28574841887349134 0.9153187040162487
7028 0.9083313300313959 0.32182806026096183
5500 -0.5212332859073124 -0.6841562224950759
15118 -0.519084417898362 -0.6823578480773408
5501 -0.4869648317658134 -0.5224029842629075
13033 -0.4830213795200063 -0.5034353568570346
11963 -0.039645552911222154 -0.973141118024792
5505 0.36369131806376703 -0.09525801334785186
7031 0.37882159937769744 -0.11483008881886464
7016 -0.9624996648474552 -0.012597771934135296
14060 -0.9628085659127298 -0.012345807318734308
5513 0.9608552036829583 0.04959697730092122
5521 0.6856941834377859 0.25489442143455693
7664 0.6689188552670626 0.2371782538118185
5540 -0.19749365939691121 -0.8569732147722628
7133 -0.19826537386128307 -0.8565476428432315
13536 -0.7981269522735344 0.49106794250014624
5561 0.3472449112138664 -0.6228455326030855
7396 0.3305710610010802 -0.604091196441451
5588 -0.2789824997155824 -0.6968849787937911
8176 -0.26815391431491226 -0.6833002339822154
5605 -0.0874497982509938 0.8301671804993653
12907 -0.0860164755084911 0.8200426760414785
5649 -0.8475805289240058 0.4741588519101142
5667 0.6492905386048047 -0.5633693418860838
9372 0.6495310580867003 -0.560977839791291
5683 -0.5838636339160118 -0.5633849232073304
5688 -0.5817602107373183 -0.5583587440393615
5700 -0.6015554043326706 0.005073955586387459
6372 -0.5871528458106723 0.00813128390880616
5726 0.8800379013014796 0.14439233225887563
8974 0.8849111893210571 0.14759419482581088
5732 -0.1483928195220824 -0.49952344255816467
5734 -0.1821123800965505 -0.47604386582110714
5737 -0.06148027998310908 0.0731771734305046
8368 -0.06280656148926794 0.02524701928656765
5757 0.5548585456540642 -0.7748799264022193
5767 -0.21612409486617135 0.7589083193749867
6798 -0.22878716587426187 0.7507503714601929
5772 0.9207648772884685 -0.2778968419238096
13343 -0.8779453510515919 0.37636317969849953
5777 -0.6292797342750607 -0.6024230807134007
6701 -0.6230150922645612 -0.6005110493863449
5780 0.14307707253796365 0.964668832908613
5782 0.14009754390331874 0.8880900766351454
6977 0.13941536602199328 0.8851205384449939
5784 -0.6251926736616669 -0.7116700730729223
13333 -0.9312968125849416 0.24669242725893276
8964 0.9181942905470093 -0.276843320163568
5789 -0.6871902914290594 -0.2908858576528972
13344 -0.6884037782763494 -0.29932526572588725
13341 0.14250531537984365 0.960863981815433
5806 -0.2357980532448015 0.1524916833661619
6298 -0.2189889911626347 0.13451384054231
5817 0.9043241644182999 0.26153221842274244
5838 -0.26933566180873525 0.6501825630816098
5839 -0.2765058720943605 0.6301355518981432
5869 0.5854754650466214 -0.34085201947568444
6116 0.5824335925227323 -0.3575266429019581
5883 0.4901184499764709 0.6681694575035931
14279 0.49046001380130416 0.6656183068825924
5904 -0.1566178530186202 -0.6354714410137288
5913 -0.17468333868668703 -0.6115230708975139
5907 0.6141024164077786 -0.0627261896768315
6729 0.6332227435513678 -0.03647043706689665
5909 -0.19696160358635453 -0.929983383842628
5912 -0.8132549388414231 -0.04868664049900554
15023 -0.8093885006839148 -0.053600460953494806
5914 0.5340370504759543 -0.6745149597244381
15038 0.5315503845100119 -0.669162356867098
5919 0.16555215241051915 0.6339059165901583
15029 0.15317184372674453 0.6411915043418359
5925 0.8856640401962259 -0.06438450936738685
10475 0.876662765718761 -0.06414370044499705
5945 0.45680558500709867 0.12196539189354812
5946 0.45662901391156746 0.12475162746418132
5958 -0.7238691414143084 0.4844587672359859
15141 -0.7142255801998314 0.4782524811011103
5965 0.1627157592670896 0.9367537569068997
5984 0.33529546954705625 -0.19253450078777387
8340 0.3101091940082456 -0.15132579708668556
6003 -0.5924065497888378 0.7673920062104442
6010 0.39860581879884815 0.42233264306475177
11195 0.3796517125784863 0.41368964204997466
6025 -0.5433809198258566 -0.1153734794015053
8089 -0.5362534522043307 -0.10100982165139845
6652 -0.3983357677003002 0.8872507800811319
6046 -0.740236278588829 -0.1497859176318128
6059 -0.7444106405345965 -0.13247978464082674
6051 0.33816862527261093 -0.7280805639469289
12509 0.3403919006713167 -0.7189309325559866
6056 -0.5639886419595946 0.7861136811308057
6063 -0.7187260497354859 -0.4984730817913281
16086 -0.7159078937425248 -0.49877298805200554
6098 -0.11451214060866882 0.8851106498886339
9642 -0.11455891229072776 0.8799748763530939
6129 0.8489398909115099 0.47612529995125474
6147 -0.45693705933511125 0.08822099151495769
6148 -0.42374590189608763 0.0710720214356922
6161 -0.9517511155479634 -0.06345913269475778
6186 -0.36364982861405637 0.8869954322938575
6973 -0.15820462373941693 -0.9531570978804095
11967 -0.15669820826374037 -0.9510083863294813
6198 -0.12197796261468363 -0.02698621581207955
7680 -0.09604274560738989 -0.029902897346179493
6339 -0.7871337136385944 0.5602147779273376
9910 -0.7884719187598787 0.5611346623625052
6967 0.8431087754441122 0.4731884514581232
11897 0.8420309365214107 0.47207312687414493
8930 -0.2905512640934936 0.9203421571548297
6208 0.6385059881757791 0.05418098199818836
6209 0.6296071131794162 0.052820725695127566
6781 -0.8459379124311296 0.47305372577674165
16196 -0.843900760287831 0.47195440887497747
8431 -0.35512713397137796 0.8658855458000142
6225 -0.6146779971667998 0.7207161313301234
6232 -0.2817658332695111 -0.4296847939125495
6235 -0.29620114832256517 -0.42893962683351095
6259 0.6014069755451823 -0.17691339969523937
6260 0.5813137773443185 -0.17168903231402693
6280 0.46656534089131313 -0.6660626321480548
13589 0.4544185706442248 -0.6560372955973918
13979 0.8752699279182917 0.3523569816207866
6317 -0.4254108951073242 -0.00736844285048274
6318 -0.38520754912533606 0.0046774794868377
6348 -0.8381464419822133 -0.2052068898308911
11221 -0.8380573750844994 -0.2114929915493435
6362 0.02789949570116625 -0.28699341509397114
13691 0.017223644155253726 -0.2604508141263776
6381 -0.5197126050663283 0.24475674873183997
15455 -0.5128815823333476 0.2333801214747932
6393 -0.5339972621242205 0.6001428097258218
8966 -0.5441245837474901 0.5937196967776359
6401 0.474395601550082 0.45872199874270114
12739 0.45752618065760897 0.4394301148328163
6899 -0.8697348665886655 -0.38711585203256343
6442 -0.3580431960976441 0.3712816919606722
6466 -0.3324743770932134 0.382574835699256
6446 -0.10040201289157803 0.10405419290425345
6468 -0.04182472539885364 0.10605652090286954
6451 0.8051014399964608 -0.07238617225295074
6462 0.7927893014158568 -0.07172678707566064
6457 0.5669924174424442 -0.2223942690768917
6459 0.5394715481453981 -0.22141916989243815
6470 0.40159309625314676 -0.7978111239756638
10525 0.3980255393893031 -0.792752442648036
6479 -0.8800062832661121 -0.36885598814660864
6496 0.21064576218502593 -0.5478059275313746
6708 0.2015191527956469 -0.5252512488996101
6516 0.49402121476856975 -0.840638809784101
6518 -0.5440281995750356 -0.05204268325588249
6525 -0.5085094442208499 -0.06081923735016165
6520 0.4934912398210827 -0.8407974628425933
6522 0.5361840713417124 0.7443884114856331
6528 0.5333971074977177 0.7422418197200614
6524 0.8932381933867422 0.02052520984485627
6540 0.8906480625843747 0.020170082396131075
6526 -0.6344232975919291 0.7082564893393757
6531 0.2651065195711561 0.673035988171457
9735 0.2558111338060835 0.6408318944601352
6535 0.49296089451026504 -0.8409210806492933
6538 -0.2829280926502166 0.5216826766200051
9739 -0.24734698397174681 0.4815885251667411
6542 -0.5709470853358073 -0.6514880947295235
9744 -0.5669288303604375 -0.6490415370838065
6550 0.8581585644314602 0.057092957089082505
6557 0.8666736152751868 0.05030308855529744
6553 -0.7228875245037182 -0.6504370963386947
6556 -0.7638372276606707 -0.4614875606994553
10276 -0.7563169243707526 -0.45797653873165745
6588 -0.5616466675431535 -0.4658056693208995
6589 -0.5622047086973941 -0.4827019171035967
6607 -0.18043532666298936 0.5394922992219401
13831 -0.16105651894721595 0.5428033823011278
6614 0.8422083198791908 -0.33209335282586
7503 0.8368992501133811 -0.3305629811266211
6640 -0.29592095460619827 0.5018169504674777
6643 -0.29911485558281736 0.4665792490112134
6645 0.19115803154313316 0.7915126495400278
6651 0.18616750660743556 0.7769801097145804
6647 -0.30743150002775077 0.20887814205088698
11133 -0.2812629199448586 0.19534904461067926
6658 -0.804087659853749 -0.36277058877150503
6664 -0.7913175636863027 -0.3587897288610431
6660 0.5212035249710574 -0.5717741542460179
6671 0.5116412904946139 -0.5728830140660442
6661 -0.7662048324648058 -0.5903635213089963
6663 0.1874315636402424 0.4648332250416936
6690 0.1594050360073328 0.44473180716453103
6665 -0.5053129096930721 -0.580926676964917
6667 0.5059547841933869 0.17308629961640043
6699 0.5057434449746719 0.17326564582154913
6670 -0.796780442044633 -0.34954790341246206
6688 -0.7918188635245655 -0.3490159445144692
6672 -0.035333460667333894 0.881917841462961
13522 -0.03582535509608374 0.8777758983091994
6678 0.28567127878101467 -0.05207790904250628
6684 0.29738489738943735 -0.06810392316385304
6680 0.8464982373862112 0.42916076140757037
6682 0.6059508320420979 0.44334718793370903
6689 0.6042387635474173 0.44299462922106314
6687 0.3839849171634759 -0.1626528005484399
6703 0.3596876450293447 -0.16917564593572929
6691 -0.7666496423559614 -0.5909525222572255
6702 0.844781842260653 0.42555664605410926
15193 -0.6245285811687924 -0.7101830346995144
6732 -0.6823400517386429 -0.19818493455899688
8421 -0.6669158593926131 -0.19743836428731587
6742 0.7510381245780168 -0.3212928602645993
15777 0.7475546309918555 -0.3167409597988299
6754 -0.7019183266262926 -0.6466769329581458
15032 0.569437167055243 -0.7557977689009718
6758 -0.9463940098364325 0.17657450935583419
6759 0.7738657973528993 -0.4434617018578438
6792 0.7581741852833254 -0.4455994952793342
6807 -0.9435864022048759 0.1762280763362972
6768 0.46026158816642404 0.737732964201493
8758 0.4586998331379942 0.7321234529540644
6777 0.12470035898321788 -0.9359042977554545
6772 -0.5093200418758159 0.7883774323909454
6775 0.9553936012202302 0.15650028814673406
6778 0.726306638463132 -0.26374131712653276
8756 0.7002224224773526 -0.2637005918589001
6782 0.34207936995300386 -0.7138304773453467
6786 0.34531992284117446 -0.7125851628028709
6793 0.9553942906453085 0.15571366094277905
13745 -0.5078349177055982 0.7858261993180529
6822 0.44188713488312475 -0.7539095654292105
6988 0.4467066449832727 -0.7401002397749636
11523 -0.10154747339774982 0.9560203898185118
6864 -0.27481482924659034 0.9017622322087558
6869 -0.7798622449056031 0.27176341242699475
7883 -0.7745799023534603 0.2727098758788997
6879 -0.7272578583991157 0.36626327198315833
14018 -0.727295271134605 0.3750659268427629
6894 0.5953017408398473 0.22541860823167212
13636 0.568791432585769 0.19900907798268344
6900 0.3269140286509891 0.8113850305230665
6908 0.32313055870005414 0.8043974022319139
6911 -0.7846507607722286 -0.18960592060347342
16596 -0.7834874566082687 -0.17832604488825113
6938 0.34141796833926696 0.7851189790480774
16400 0.3351020001882944 0.7762318326488493
6956 -0.9426950996124356 0.003644476809813432
6959 0.49325774732223693 0.4879136980140453
6974 0.4999230766167328 0.4818582106021983
6962 -0.8329503868822109 -0.10745008705593458
6972 -0.8243283904660883 -0.10729735409420268
6965 -0.21517893744907188 0.6799933169411763
7170 -0.20802361445280268 0.6507595296219828
6968 -0.6651274947400118 0.32408431399439175
9384 -0.6617173573631443 0.3231785875028588
6971 0.390665828780699 -0.549231864373877
13537 0.36942468701279924 -0.5493570308387092
6976 0.017382780961475563 -0.4439061287771398
12431 0.008314017311769797 -0.4131479036506561
7012 -0.6907592748759627 -0.1320814459552478
7201 -0.6903397373904487 -0.13762834334905458
7027 0.398603613214095 0.7511954725156681
7687 0.39297083054782883 0.7286130118123318
7041 0.686984991387372 0.2187629751856663
14269 0.6760045150515697 0.20595433293608623
7057 -0.11899506884922538 0.15180494553928042
12296 -0.14810854112321253 0.1484159808098088
7076 0.2566451675921588 -0.6770466170933636
9391 0.24794046059939215 -0.6570601307708398
7095 0.46244440168294526 -0.3217009041984656
7096 0.4489491173076688 -0.3054730432436278
7125 0.7686718566713904 -0.4429434611343767
7127 0.761726330532885 -0.4403458720138596
7134 -0.6178947586990788 -0.012674846238745895
7448 -0.5844814486319267 -0.015842444061974784
7151 -0.21717278952937968 -0.2489668257638153
10403 -0.1819824619263049 -0.19892663439461208
15006 -0.23921952634027582 -0.9285116819556106
7461 -0.038884190297109524 -0.9622902117486056
7191 0.018277273235461834 0.8760606671721956
11747 0.020919903953553053 0.8734704048683448
7208 0.7161513986173729 0.41818369697530133
10233 0.7145183424855253 0.4069642516337006
7216 -0.9614326738806072 0.12752861722666103
7225 -0.8038208047899635 0.24405450011425642
8066 -0.7881475377335933 0.24433573062623265
13970 0.6072673191181432 0.7346403364286576
7250 -0.1443713961623542 0.03566733572562242
9710 -0.10928960019961792 -0.00761098086760175
7277 0.2389486007290464 0.515626222645046
7281 0.23603580686109166 0.5100481481274286
7299 -0.7600639084663091 0.47379074700908896
7315 -0.7499862219106389 0.46492807876188064
7309 0.898403834345561 -0.057024895581964906
7310 0.8943808910394185 -0.0575970639620176
7324 -0.7710242360473505 0.1702874071923586
7326 -0.7726375003227419 0.17389211483062691
7328 -0.3703412970751539 0.13946159023044508
16214 -0.3533271319447285 0.15253918132890165
7332 0.020204772679381842 0.3074626395084091
16213 0.0038091429696411796 0.23399611824821856
7346 -0.2580588744677084 -0.02767746396179461
13989 -0.23083206016072721 -0.06732377092104555
7388 -0.20209249204187996 0.8080631911721922
8267 -0.20469100594011527 0.802806936251188
7421 -0.21051458836236758 -0.8480477816582259
14005 -0.20790277642860303 -0.8396748396792765
7447 0.26900729171173016 0.8220678574707125
7449 0.2682306189018135 0.8183281262420355
7458 0.7723421383845062 0.4390366903706339
7464 0.7613018134636401 0.4373380755973115
7490 0.12070038819184675 0.17531319143793864
8644 0.08503732361464711 0.1554633054217724
7508 0.8641965919214025 0.141711982588863
9613 0.8654145523050024 0.14976584890952507
7539 0.6594291302833829 -0.41533897025250854
7541 0.657729994514923 -0.41730994645503594
7562 0.6112774231645113 0.41475105921156274
12655 0.6004629120614366 0.4073871574595899
7611 -0.0513521134271691 -0.2559590753668597
16340 -0.08721893296634933 -0.2789361991621403
8021 0.9538427177136252 0.003962411352066901
7673 -0.3117033825413679 -0.6268664500526305
7674 -0.32294679897624007 -0.6281506477997049
7693 0.09988812657345528 -0.3333667458572287
7694 0.11489896513318074 -0.3236406993043185
7712 0.5035071240192653 -0.6792332329991432
13619 0.5021397409954836 -0.6746024855170161
7749 0.07400015535726838 -0.5083051659101981
8757 0.08812598926719216 -0.4903279955618126
7772 -0.40248113963426807 0.6716281829777785
14421 -0.3991415202040281 0.6576816534950979
7785 -0.276130698191263 0.39388362572061886
14223 -0.2888480417944375 0.3675657520195833
7800 0.37700740572305863 0.8462412540100267
14087 -0.9575248759285969 0.127361042146721
7823 -0.8324452517311468 0.0036047607191068724
13647 -0.8128775521167142 0.007217290244222285
7857 0.2233002157392451 -0.8025858927478622
7859 0.22530337612342646 -0.7988364342118309
7877 0.8332925523983844 0.23597379782087993
7878 0.8248240520290833 0.2336156034321056
7907 -0.7215309429187583 -0.6496413386998604
7943 0.02743842294815613 -0.5195555359721475
9544 0.04143925800296112 -0.5037768363851981
7965 0.1452143579910084 -0.8222427864061341
14993 0.14405267906157965 -0.8178290222114981
14614 0.9488196180529554 -0.18568159095416617
7999 0.14634483324949213 -0.769405545957401
16158 0.1503451810742212 -0.7631076209853584
10242 -0.7198534152275149 -0.648458087549744
8040 -0.11327052615590263 -0.2018980571451757
11327 -0.1064431989587438 -0.2031700968370933
8044 0.7774654627831442 -0.37244026393560753
13795 0.7695213567321797 -0.3677719222981076
8050 -0.9591551659298607 -0.15584465158764899
8077 -0.5863996935286593 0.6654826659008155
8080 -0.5905778310084008 0.6584626794970535
8092 0.16226538732740747 -0.7076072109527958
8292 0.16839185517263197 -0.704689375518426
8126 -0.573262272352507 -0.3100198709093054
10483 -0.5619773517041279 -0.2829279673973411
8136 -0.7997623423429251 -0.11937497624401117
11899 -0.7826300519447892 -0.11661094810669966
12531 0.4460917135165799 -0.8351802810729753
8201 -0.3296476361481913 -0.5733389655077069
8202 -0.3232478638726092 -0.5480670128630872
8243 -0.36333233743253085 0.8873617167713428
8268 -0.901252119967644 0.05744046127380688
12762 -0.890843442406763 0.05889576448159627
8293 -0.013067897537507547 -0.6952615615913469
12610 -0.015482787357972377 -0.6617945960191516
8328 -0.034359375798363234 -0.14038987425938812
8412 -0.037707840794803 -0.11921942075701393
8343 0.2353413404750555 0.20496468072437662
8347 0.20473940251394582 0.21499075328540967
8346 0.7343440558672515 0.6145614318491509
8351 0.7350224462806364 0.6162982761257394
8364 -0.7222721472200105 -0.5998206257140734
12798 -0.28367056931329043 0.9125671459173444
8414 0.45711571331198164 0.6693267077354541
9030 0.45111011481903857 0.6662558849682119
12401 0.8510196158185772 -0.4338152679110115
8469 -0.7487894324848609 -0.21880980298437425
8477 -0.7523900856142045 -0.2058488583266631
8498 0.8114590142236492 -0.019478358936118836
9760 0.8093272747683903 -0.02672135529310011
8533 -0.6632797183446902 -0.05384325670145162
12456 -0.6453842770008273 -0.05464376869195186
8556 0.1840463157527346 -0.06569632477832339
14417 0.15243194067079807 -0.042388874893910876
8570 -0.4614454278555468 -0.661711144886873
8573 -0.4571011239670448 -0.6572017725062835
8588 -0.5669699789188005 0.27355680544994504
8591 -0.5570081762399627 0.2807075339502395
8623 -0.45005093104141225 0.4591288665339021
10170 -0.452082283016408 0.43347226356673385
8653 0.33964941821617906 -0.28470007410151044
8656 0.3228679519261562 -0.2858434790894205
9334 0.5549687268005967 -0.7739248151035146
8707 0.7563074951141185 0.22559115275146813
8812 0.7392903677403304 0.23622339042851057
8734 -0.3887881014198417 -0.8772844026452952
8766 0.6274524544607594 -0.4873729031585983
8779 0.6112808383085802 -0.4844259012177587
8769 -0.7184621608271932 -0.24617684109116944
8795 -0.7137260250359848 -0.22344465907226993
8773 0.7308359030301604 -0.5913185522551168
8778 0.7301153750263278 -0.59160737687383
8785 -0.5241312399989838 -0.7340492309803317
8796 -0.5220735290334617 -0.7327699802973996
8813 0.362415842973621 -0.4335445891592671
13920 0.35484725031891545 -0.40951049174071624
8835 -0.46356202919788747 -0.18055492339094836
8839 -0.45636477680232446 -0.16482128150058858
8863 0.473702953343807 0.27770729338394007
15138 0.46938826307412806 0.27006961062448825
8896 -0.27603409859374284 0.9004982628463492
8914 0.7708351326025854 0.3331585925956538
12155 0.7619604835273758 0.32351089398471605
13275 -0.5518208227981027 -0.7795345510620912
8965 0.6997217115112048 -0.019021291626760146
15768 0.6965093970890668 -0.026068209264120158
8991 0.6981215151663319 -0.5188298627075225
8994 0.02207954006666448 0.8975806602599927
9010 0.01941241380997491 0.8920910471225565
8998 -0.023215492423943062 -0.5032991173460779
9004 -0.011105875355704913 -0.4979026563301454
9001 0.3973169411156119 0.820372052812505
16159 0.3950762887699034 0.8185713983260606
9006 -0.7963166403103877 -0.3298836350997167
16149 -0.7932934060919593 -0.32234520145516166
9024 0.06835151434919853 0.5849217353907428
9025 0.07043294389663621 0.5313584559118907
9044 -0.21536447996946104 -0.8673572324308034
12130 -0.21498512058673788 -0.8682364120973324
9054 -0.19607142353485885 -0.9311199315215265
9101 0.6957073409945409 -0.1868002207710037
11894 0.6821456915898327 -0.2071224392347725
9158 0.534459948304852 0.7378170315382366
11785 0.5312402612063437 0.7365484017895259
9207 -0.5454286192289403 0.6920560919190524
9209 -0.5391405852083778 0.6860723695931821
11024 -0.9703313347504886 -0.044207988624455005
9249 -0.8390581783405276 0.365133669960742
9262 0.4408028882386146 0.471601129980199
10505 0.42756019388042726 0.44898656244097157
9286 0.06944281993454428 0.8584610801679273
9430 0.06817166196144132 0.8499602636548081
9302 -0.45831950680649997 -0.15338170932948242
10400 -0.4517697268891532 -0.16888449093982125
10800 -0.4691269721474269 -0.8276933721508762
9351 -0.6992780308553537 -0.537336748145467
10849 -0.6939849155049891 -0.5344313228405746
9365 -0.8846243443658044 -0.142011515389191
15375 -0.8825111546778389 -0.14170067703352285
9381 0.0034060948603323524 0.8931119204869495
9854 0.0008177358068100097 0.88304692280105
9387 -0.6615688602392902 -0.3851750748808525
11493 -0.6626005502517328 -0.38258765003220857
9401 0.6657175126771923 -0.6822371123755434
9461 -0.8334641868649594 0.09393925008717022
9757 -0.8286110478290264 0.09265512896210094
9490 -0.8350199090603004 0.18110187582051257
12693 -0.8335265793876512 0.17844447404692354
9538 -0.32545525722291013 -0.3596168457232247
9539 -0.3290502462557106 -0.37762645396535394
9556 0.726068863951988 -0.2748877188610076
10791 0.7193402113277759 -0.2757090203825939
9624 -0.3979377540254526 0.839856477437265
11292 -0.6107752180932257 0.7183760947378928
9707 -0.07395181133161506 0.5313408687815132
15785 -0.06338320668045999 0.5439711696398012
9733 -0.6309227755575734 0.7085412023148805
9741 -0.7407623807757241 0.06840563814110406
9743 -0.7198094467972056 0.06055817041065211
9781 -0.2447626805263564 0.3242477276974011
16043 -0.20062217058360968 0.2757035054489096
9811 -0.540859007484526 -0.7798121907446678
11022 -0.39455100417947375 0.8365552598611427
9866 0.4632612487580654 -0.5853634095272547
10102 0.4540552673508833 -0.5811132923481308
9900 -0.04900738945475347 -0.9599632268467855
9962 0.838553895076952 -0.2174780541399222
10517 0.8414877696030427 -0.21218369977300305
10000 0.823191038508449 0.15916342681255907
10173 0.820405958658221 0.1530806658784854
10050 -0.8238546425728072 0.10983873479230408
10069 -0.8164857300634643 0.1196635834657483
10055 -0.9448456473234897 -0.024292256841923834
10060 -0.8269003551833457 -0.20034289712951597
10071 -0.8100663245543781 -0.19570150449667376
10066 0.3725790260119438 -0.6683428772185329
10073 0.3757435446192733 -0.6605419774942909
10100 -0.8269933966770195 0.3139822015020825
14828 -0.831632708633131 0.3115308838809722
10155 0.33830864882726425 0.8169450165017633
10157 0.3331146014950821 0.8086590302144087
10181 -0.13060708093789802 -0.7294167742847668
10183 -0.12002239696414235 -0.7248288273665422
10235 0.4933819205381834 0.03967051731827027
12479 0.4797497900668639 0.050492546408805274
10262 -0.6776430861000189 0.3781603518903063
10263 -0.672856261655751 0.3525603215826202
10419 0.8176930065030835 -0.5134119731035006
10324 -0.16926214435327314 0.5633965407210569
10325 -0.14684869492289515 0.5565396654908285
10329 0.17007086692126033 -0.9199976285606444
10350 0.0755502672487968 0.369859115727815
15468 0.10513332848611116 0.383285778868222
10365 0.08852489114653625 -0.7725769048885384
11818 0.08908991688909094 -0.7670829519452276
10385 0.8098895345698269 -0.061639920255043334
10388 0.8022672683949494 -0.06699412186312564
10415 -0.6550474440654235 0.5826086256986058
10416 -0.6497260152249812 0.5801093946400643
10466 -0.5782662465501109 -0.6386118793997085
12376 -0.5672282622201517 -0.6425171624484395
10490 -0.11164023634227897 -0.6936994707689211
13423 -0.09906902374728985 -0.6813573300256098
16383 0.9010906941262773 0.26231250392484456
10555 -0.38703830161385 -0.032850168988714054
11229 -0.3844675326245359 0.011415952459348726
10571 -0.3108361206862982 0.430372564863202
14709 -0.300241651276602 0.3985384550542335
10635 0.42553975370730884 0.27608847305846307
10641 0.4319476669990032 0.2726846142642982
10662 -0.23679918545034936 -0.028606049788246903
16464 -0.23680289263155035 -0.02682758912749342
10703 0.03070035252095452 -0.8343414744891686
10712 0.030738281998329463 -0.8300058866487999
10747 0.5824549815022942 0.6632616615675005
16434 0.5788551457530716 0.6629676222757638
10781 0.5523724301219958 -0.2917533665627962
15650 0.5412847447115506 -0.2701948312568906
10827 -0.5948771398612135 0.1433003758548796
16374 -0.5704565145140584 0.13754450937574053
10846 0.5985111278844488 -0.760496828524035
10903 -0.051107599863076815 -0.8412570755285022
10911 -0.0419552064247728 -0.8317463373315398
10913 -0.2817884942520487 -0.4789063747947041
13590 -0.26678877677369917 -0.46581601381455817
11030 -0.9479046328380858 -0.06418445631805392
11001 0.2584071948677883 -0.12757488784517884
11567 0.20596796429429756 -0.13999286211969553
11020 -0.45280554478071916 -0.5448805032212874
11025 -0.4461596315524828 -0.5364648603620751
11043 -0.34351592130341174 -0.6383412952888264
11044 -0.3365356331506194 -0.6397881876632755
11071 -0.7929646762133007 0.3358541962359724
12467 -0.7853976471008209 0.3372795896032143
11126 -0.629083245142215 -0.5466903604218301
11145 -0.6324229967025501 -0.5405846596488462
11159 -0.9013969147505111 0.3153279431585801
11202 -0.8772555203643378 0.22965853529406566
11412 -0.8725225840922746 0.23028995995392693
11237 0.8331842611077307 0.0436751208762764
11238 0.8210531251613343 0.0400527656472662
11296 -0.796403789492336 -0.42290337647975434
11298 -0.7949538509824923 -0.4226790072621177
11359 0.06325866526181743 0.017280553663706406
11362 0.07668964758600087 0.033063343805044276
11447 -0.8226487765361852 -0.1267157323010061
11448 -0.8154586795334078 -0.12355421588840311
11514 -0.22011854287937696 0.8572733983980815
11515 -0.2173204859500412 0.8519857038644285
11550 0.16777330791398798 0.1366267139373799
13645 0.15880202919376632 0.13823368335349442
13392 -0.3870609346758771 -0.8752582644155039
11710 0.8695985834924504 0.039919610191686675
13814 0.8671105037647103 0.04363112909662129
11780 -0.6171777257809914 0.6457379962099195
11783 -0.6232530191136902 0.640066223273864
11857 0.36691963450255477 -0.6002957484539929
11860 0.3658310956418493 -0.5997503043298715
11891 -0.4933952791083751 0.13917465869024376
11895 -0.4573496570951891 0.13382464954557458
11945 -0.2501138054878321 0.6582430523472703
11946 -0.246386429043556 0.6605038789096236
11965 -0.49898445488259596 -0.27657612175735635
15103 -0.4881907013794679 -0.2681338687554804
12006 -0.44784035709841824 -0.24169332034024155
13771 -0.4410905530749162 -0.18857749332092344
12061 -0.8919803940324833 -0.31753479136934876
12094 -0.07795679651950364 -0.7631975634232073
12095 -0.09013460001467931 -0.7482507281590945
12125 -0.4548791681030627 -0.37937151880504305
12126 -0.42620535456105935 -0.38422924672527736
12174 0.31578201487497254 0.30325108421770547
12283 0.2832106489726856 0.26965869599948683
12249 -0.42233451708113695 0.7860923506275048
15322 -0.4217227946104297 0.7838191195331575
12267 -0.8828408599337665 -0.07951456531894788
12388 -0.8755929538356422 -0.077223564945286
12341 -0.05298331248867146 0.8456761204828127
12343 -0.052719458670803555 0.8367313515549655
12425 0.57061358006674 0.678682936457059
12808 0.571771052400627 0.6751958769898592
12492 0.09466930976373522 0.7183109375046354
12495 0.0966819064809377 0.7051543558787674
12612 0.4981368070768342 -0.19772140388037385
12613 0.4918572973103234 -0.20075622537445867
12673 0.6422144168969283 0.7201429371318057
12763 0.2436024650754461 -0.45370006622803827
12768 0.2484231839066259 -0.45145754715417136
12789 -0.6699813635140807 -0.5666925634618799
12792 -0.6607365291766 -0.5643368328832805
12826 0.4513207936853453 -0.7635365056570902
12829 0.4447264476912867 -0.7548216755867185
12833 0.43112752263911674 -0.06358141160370229
12834 0.42510622566450024 -0.09167894745843964
12855 -0.804717007331435 0.5463679708276957
12898 -0.7156720975899583 -0.40906778247146713
12899 -0.714893390194529 -0.4105659519662029
12962 -0.39142888133641957 0.4922463694068596
14802 -0.35940814774609103 0.46337975156249334
13006 0.7126711468788981 -0.41048283345320713
14305 0.7072493135503917 -0.40479640020612884
13092 0.48267647846813555 -0.25476158098180457
13093 0.466344230967975 -0.2709784099215703
13161 -0.23795268604519842 0.7039532152239988
14356 -0.22649883252345324 0.6930656263975378
13299 0.16238397551294143 0.9355043858524235
13335 0.47067053465462044 -0.21898622655159225
15450 0.4474516393511469 -0.17503627658409177
13366 -0.3612680595192097 -0.6472587242481019
13367 -0.35373428002698837 -0.6555775576230471
13408 0.14518928455947128 -0.28185038716551225
13524 0.12520945523387908 -0.2805168592333742
13458 -0.8334458353132511 -0.16458591877930476
15855 -0.82721687437259 -0.16344708632952284
13559 -0.6893602570722157 0.648737163716827
13567 -0.7323608650815049 -0.6127923489403903
13575 -0.7340276683209799 -0.6120287379048992
13822 0.22766729195928068 0.9332398638660562
13660 -0.14385289387171407 -0.8502143014695049
13661 -0.1385081568996657 -0.8463100719299999
13704 -0.3308313789230963 -0.8090444188592312
13705 -0.3180065369916527 -0.8086807089134413
13740 0.1935007772419279 -0.14801694378980784
15512 0.2358408917638009 -0.11878782166871425
13744 -0.22427133159191295 -0.8365653979412834
13748 -0.22430854759932006 -0.8322320985145735
13747 0.4312007185768632 0.4659638536820961
13761 0.42362478408776766 0.46214012875321075
13751 -0.8041059379139959 0.5465892942604234
13769 -0.7995397949626968 0.5440069471739879
13798 -0.9550610179824726 -0.15496912269646343
13883 -0.9337453551529464 0.004393725846338602
13956 0.3165303035950378 0.898615531212331
13991 -0.2695630938905008 -0.22734274906903246
14016 -0.2242675159467143 -0.2067995783248701
13995 -0.43951381849326976 0.16250081244977826
14001 0.04828849253375574 0.9529011291141254
14003 0.7401195074182347 0.5049640854553895
14019 0.7377881002710095 0.4958823404155612
14034 0.020427117331291496 0.70275694113448
14035 0.01751157524217914 0.6875528075562615
14162 0.4802760584505443 -0.427227045299254
16387 0.45724866526494 -0.41666788135200267
14273 0.08424631276093576 0.5072839885141087
15633 0.0535145612994158 0.45115415932446806
14358 0.027091118912000972 -0.20215540683560093
14362 0.03453495382031792 -0.18607776339412493
14479 -0.554882604398051 -0.6478438004468927
14480 -0.5435395238943952 -0.641852448758719
14509 -0.8124079690747198 -0.21695972827285204
14525 -0.8021046940738318 -0.2160693976318296
14513 -0.05231942034640355 0.1494099956226743
14531 -0.05019275667414075 0.08804300306433534
14519 -0.5961596497192383 -0.6435146832791304
14520 -0.5965540330462733 -0.6437422758163619
14527 0.40466941777469917 0.13848216897578355
14528 0.4267463147497748 0.11632385946143523
14584 -0.2227052853285033 0.4930353369016568
14585 -0.21047480427962437 0.4860093973775676
14699 -0.1335451570893381 -0.74078500546134
14723 -0.12772061263058412 -0.7305517455427614
14782 -0.2567292063807548 -0.8608679171404959
14925 -0.2559047711940697 -0.8631077564245994
14868 0.3661098384071476 0.5433239944512782
15533 0.3542465075410171 0.4972623028416681
14986 -0.7247695227769325 -0.6033103236708287
15022 0.14119709715825055 -0.8714350111000918
15025 0.1380981160473914 -0.8621823425792285
15030 -0.5637535545072423 0.5669266893723649
15033 -0.5733245098411617 0.5555536886826883
15099 0.7529466486371309 -0.3479719449285368
15102 0.7487460907214014 -0.34696602403631305
15175 0.8796382993219086 0.09776206002489647
15177 0.8784357957097437 0.09661312788821612
15190 -0.050636896875210884 0.8307227870037189
15196 -0.048491071711597375 0.8304053782332983
15246 -0.3713656037089469 0.5929542054612252
15247 -0.3619692979152843 0.5752130091684002
15383 -0.5603584173236148 0.22925143787254662
16461 -0.5689818310030605 0.19802375186129118
15405 0.6704066744625473 0.5588357964238958
15432 0.672846977432156 0.556299448570276
15460 0.8841384060432527 0.39589356811423665
15548 -0.1808566039897315 0.0011175175782823232
15769 -0.11094650662855107 0.0359963450118348
15603 0.04545804792771677 0.7460634397863896
15604 0.05231998661168828 0.7355144158956126
15661 0.3010004417608484 -0.8027250278720831
16147 0.3015352730480488 -0.7981958722613252
15670 0.42426747149569727 -0.5736922397670631
16307 0.41953157337846086 -0.5630021043177595
15674 -0.9219539362481574 -0.3019092464129839
15689 0.6666306989946518 0.3614444992582296
15690 0.6503942217063147 0.3535740965245407
15791 0.5293124610499533 0.1202210219690898
15792 0.5320749347896134 0.10737841902603609
15879 0.11323245704096252 0.895284900171322
15880 0.1079539032279209 0.8926739268323198
15907 0.11938151076125039 0.8068116991597176
15909 0.11509872020895912 0.8108238746479904
15956 -0.6986019236152754 -0.542015524016932
15958 -0.6906006556950014 -0.5362065077427529
15990 0.24780601113938464 -0.6066112851830062
16002 0.2422524028023532 -0.607527963560368
16130 -0.2758491411998356 -0.18195818363453348
16133 -0.3073874344245136 -0.19014198884106204
16207 0.6527422298359371 -0.33786058972265065
16209 0.6362336180552427 -0.3639384281714526
16292 -0.8399212642320945 0.18277469568911367
16314 -0.828859141498671 0.18215902096511064
16304 -0.7215379380475329 -0.6003743318924764
16305 -0.505976843271541 0.1274942548414885
16313 -0.5024681598800109 0.1622826338040502
16332 0.3621612529503432 -0.1278634807208023
16347 0.3321794142493018 -0.09018466030547594
16339 0.3612200959524525 -0.7301664568942867
16349 0.3624198059358402 -0.7276360884627859
16428 0.7642175199763993 -0.3878363528952701
16429 0.7566588521658668 -0.39362599299382695
16463 -0.6908910243878559 -0.03754773218061832
16468 -0.676660055203151 -0.039586122559548235
16566 0.7618457946018745 0.3100595319869974
16568 0.7509249972536804 0.3060946088011007
16655 0.3172229239614886 0.8970606753552232
